id	age	sex	N_3	N_7	N_12	N_15	N_19	N_23	N_27	N_31	N_34	N_38	N_41	N_47	N_54	N_58	N_62	N_66	N_68	N_72	N_75	N_77	N_80	N_84	N_88
1	NA	0	1	0	0	0	1	0	1	1	1	1	1	0	0	0	1	0	0	1	0	1	1	1	NA
2	NA	0	1	0	0	0	1	1	1	0	1	1	1	0	1	1	0	0	1	0	0	0	1	1	1
3	NA	0	1	0	0	1	1	0	1	1	0	0	0	0	0	0	1	1	1	0	0	0	1	1	0
4	40	0	1	0	0	1	1	0	NA	1	1	1	1	0	0	0	1	0	0	0	1	1	1	1	0
5	NA	0	1	0	0	1	1	1	1	0	1	0	1	0	1	1	1	0	1	1	1	1	1	1	0
6	40	0	0	NA	1	0	NA	0	0	0	1	NA	0	1	0	0	0	1	0	1	NA	0	0	1	1
7	NA	0	0	0	1	0	1	0	0	0	0	0	0	0	0	0	0	0	0	1	0	0	1	0	1
8	NA	0	1	0	0	0	0	0	0	0	0	0	0	0	0	0	0	0	0	0	0	0	0	1	0
9	40	0	1	1	1	0	0	0	0	1	1	0	0	0	0	1	0	0	0	1	1	1	1	1	1
10	NA	0	1	1	1	0	1	0	0	1	0	0	0	1	0	1	0	0	0	1	0	0	1	1	1
11	22	0	0	0	1	0	0	0	1	0	0	0	0	1	1	1	0	1	0	1	0	0	1	1	1
12	29	0	0	0	1	0	0	1	0	0	1	1	0	1	0	0	1	1	0	0	0	0	0	1	1
13	44	0	0	0	0	0	0	0	0	0	0	0	0	0	0	0	0	0	0	0	0	0	0	1	1
14	35	0	1	1	1	1	1	1	0	1	1	1	1	1	1	1	1	1	0	1	1	1	1	1	1
15	46	0	1	1	1	0	1	1	1	1	1	1	0	0	1	1	0	1	1	1	0	0	1	1	1
16	26	0	1	1	1	1	1	1	1	0	1	1	1	0	0	1	0	1	0	1	1	0	1	1	1
17	35	0	1	1	1	0	1	0	0	0	0	0	1	0	0	1	1	0	0	1	0	1	1	1	1
18	22	0	1	1	1	1	1	1	1	1	1	1	0	0	1	1	1	1	1	1	1	1	1	1	0
19	21	0	1	0	1	0	1	1	0	0	0	1	1	0	1	0	0	1	1	0	0	0	1	1	1
20	21	0	0	1	1	0	1	0	0	0	0	0	0	1	1	1	0	1	0	0	0	0	1	1	1
21	21	0	0	0	1	0	1	0	1	0	1	1	1	1	1	1	0	1	0	0	0	0	1	1	1
22	22	0	1	1	1	0	1	1	1	1	1	0	0	0	0	0	1	1	1	1	0	0	1	1	1
23	21	0	0	0	1	1	1	0	0	0	0	0	0	1	0	0	0	1	0	0	0	0	1	1	1
24	21	0	0	1	1	0	0	1	0	0	0	0	0	0	0	0	0	1	0	1	0	1	1	0	0
25	23	0	0	0	1	0	0	0	0	0	0	0	0	0	0	0	0	0	0	0	0	0	1	1	0
26	20	0	1	0	1	1	1	1	1	0	1	0	0	1	1	0	1	1	0	1	1	1	1	1	1
27	22	0	1	1	1	1	1	1	1	1	1	0	0	1	0	1	0	1	1	1	1	1	1	1	1
28	NA	0	0	0	1	0	1	0	0	0	0	0	0	0	0	0	0	1	0	1	0	0	1	1	1
29	21	0	1	0	1	0	1	0	0	0	1	0	0	0	0	0	0	0	1	1	0	0	1	1	1
30	22	0	0	1	0	0	0	0	0	0	0	0	0	0	0	1	0	0	1	0	0	0	1	1	1
31	21	0	1	1	1	0	1	1	1	1	1	1	0	1	0	1	0	1	1	1	1	1	1	1	1
32	22	0	1	1	1	1	1	1	1	0	1	1	1	0	1	1	0	1	1	1	0	0	1	1	1
33	22	0	0	1	1	0	1	1	0	0	0	0	0	1	1	1	1	1	0	1	1	1	1	1	1
34	22	0	1	1	1	0	1	1	0	0	1	1	1	1	0	1	1	1	1	1	0	1	0	1	0
35	22	0	0	1	1	0	1	1	1	0	1	0	0	1	0	1	0	1	0	1	0	0	0	1	1
36	21	0	1	1	1	0	1	1	1	0	1	1	0	1	0	1	1	1	1	1	0	1	1	1	1
37	20	0	1	1	1	0	1	1	1	1	1	1	1	0	1	1	0	1	0	1	1	1	1	1	1
38	21	0	0	0	1	0	1	0	0	0	1	0	0	1	0	0	0	0	0	1	1	0	1	0	1
39	23	0	0	1	0	0	0	1	0	0	0	1	0	1	0	1	0	0	0	0	1	0	0	1	1
40	21	0	1	1	1	1	1	1	1	1	1	0	0	1	0	1	1	1	1	1	1	1	1	1	1
41	23	0	1	1	1	1	1	1	1	0	1	0	0	1	1	1	0	0	1	1	1	1	1	1	1
42	23	0	1	1	1	0	0	1	0	0	1	1	0	0	0	1	1	1	1	0	0	1	1	1	1
43	21	0	0	1	1	1	1	1	1	1	1	1	1	1	1	1	1	1	1	1	1	1	1	0	1
44	26	0	1	0	0	0	0	0	0	0	0	0	0	0	0	1	0	1	0	1	0	1	1	1	1
45	23	0	1	1	1	1	1	1	1	1	1	1	1	0	1	1	1	1	0	1	1	0	1	1	1
46	22	0	1	1	1	0	1	1	0	1	1	1	1	1	1	1	1	1	0	1	1	0	1	1	1
47	21	0	0	1	1	1	0	1	1	0	1	1	0	1	0	1	0	0	0	1	0	0	1	1	1
48	21	0	0	1	1	0	1	0	0	1	1	1	0	1	0	1	0	1	1	1	0	0	1	1	1
49	38	0	0	0	0	0	0	0	0	0	1	1	0	1	1	0	0	1	0	0	0	0	1	1	0
50	40	0	0	0	1	0	0	1	0	0	1	0	0	0	0	0	0	0	0	1	0	0	0	0	0
51	25	0	1	0	1	0	1	1	1	1	1	1	0	1	0	0	0	0	0	1	0	0	1	0	1
52	43	0	0	0	0	0	0	0	1	0	0	1	0	0	0	1	0	0	0	0	0	0	0	1	1
53	39	0	1	0	1	0	1	0	0	0	1	0	0	0	1	1	0	1	1	0	0	1	1	1	1
54	34	0	0	0	1	0	1	0	0	0	1	0	0	0	0	0	0	1	0	1	0	0	1	0	1
55	46	0	1	1	0	0	NA	1	0	1	1	0	1	0	0	1	0	1	1	0	1	0	0	1	1
56	25	0	0	0	0	0	0	0	0	0	0	0	0	0	0	0	0	0	0	1	0	0	1	1	1
57	25	0	0	0	0	0	1	0	1	0	0	0	0	0	0	1	0	0	0	1	0	0	0	0	1
58	37	0	0	0	1	0	1	0	0	0	1	0	0	1	0	1	0	1	1	1	0	0	1	1	1
59	27	0	1	0	1	0	1	0	1	0	1	1	0	0	0	0	0	1	0	1	0	0	0	1	1
60	28	0	1	1	1	1	1	1	0	1	1	1	1	0	0	1	0	0	0	1	0	0	0	1	1
61	24	0	0	0	0	0	1	0	0	1	1	1	0	1	0	0	0	1	1	1	1	0	1	0	1
62	35	0	1	0	0	0	0	0	0	0	1	0	0	1	0	1	0	0	1	1	0	1	1	1	1
63	30	0	1	1	1	1	1	1	1	1	1	1	1	1	1	1	0	1	1	1	1	1	1	1	1
64	27	0	1	1	0	0	1	0	1	0	1	1	NA	0	0	1	0	0	0	1	0	0	1	1	1
65	42	0	0	1	0	0	0	0	0	0	1	0	0	0	0	0	0	0	1	0	0	0	0	1	1
66	43	0	0	0	0	0	0	0	0	0	0	0	0	0	1	0	0	0	0	0	0	0	0	1	1
67	34	0	0	1	1	0	1	0	1	0	1	1	0	0	0	0	0	0	1	1	0	1	1	1	1
68	35	0	1	1	0	0	1	1	1	0	1	1	0	0	0	1	0	1	1	1	0	1	1	1	1
69	27	0	1	1	1	0	1	0	0	0	0	0	0	0	0	1	0	0	1	1	0	0	1	1	1
70	31	0	1	1	1	0	1	1	1	0	0	0	0	1	0	1	1	1	1	1	0	1	1	1	1
71	44	0	1	1	1	0	1	0	0	1	1	0	1	0	0	1	0	0	0	1	0	0	1	1	1
72	45	0	0	1	1	0	1	0	1	NA	1	NA	1	1	NA	0	0	1	1	1	0	NA	1	1	1
73	31	0	1	1	1	NA	1	1	1	1	1	1	1	1	1	1	0	1	1	1	1	1	1	1	1
74	35	0	0	0	1	0	1	0	0	0	0	0	0	0	0	0	0	0	1	1	0	0	1	1	1
75	47	0	1	0	0	0	1	1	0	1	1	0	0	1	0	0	0	0	0	1	0	0	0	0	1
76	40	0	0	0	1	0	1	1	0	0	1	1	0	0	0	1	0	0	1	1	0	0	1	1	1
77	40	0	0	0	0	0	0	0	0	1	0	0	1	0	1	0	0	0	0	0	1	0	0	0	0
78	42	0	1	1	1	0	1	1	0	1	1	1	1	1	1	1	0	1	1	1	0	1	1	1	1
79	29	0	1	1	1	1	1	1	1	1	1	1	1	1	1	1	1	1	1	1	1	1	1	1	1
80	38	0	1	1	1	1	1	1	1	1	1	1	1	0	1	1	0	1	1	1	1	1	1	1	1
81	NA	0	0	1	1	1	1	1	0	1	1	1	1	1	0	1	0	0	1	0	1	0	0	1	1
82	27	0	0	0	0	0	0	0	0	0	0	1	0	0	0	1	1	0	1	0	0	0	0	1	1
83	NA	0	0	1	0	1	1	1	1	0	1	0	0	0	0	0	0	1	0	1	0	1	1	1	1
84	47	0	1	1	1	0	1	1	0	1	1	0	1	1	1	1	0	1	1	0	1	1	1	1	1
85	31	0	1	1	1	0	1	1	1	0	1	1	0	1	1	1	0	1	1	1	1	1	1	1	1
86	NA	0	1	1	1	1	1	1	1	1	1	1	1	1	1	1	1	1	1	1	1	1	1	1	1
87	25	0	1	1	1	1	1	1	1	1	1	1	0	0	1	1	1	0	1	1	0	1	1	1	1
88	35	0	1	1	1	0	1	1	1	1	1	1	0	0	1	1	1	1	1	1	1	1	1	1	1
89	19	0	1	1	0	1	1	0	0	0	0	0	1	0	0	0	1	0	0	0	1	0	0	0	1
90	37	0	1	0	0	0	1	1	1	0	1	1	0	0	0	0	1	1	0	1	0	1	0	1	1
91	53	0	1	0	0	0	1	0	0	1	1	1	0	1	1	0	0	1	0	0	1	1	1	1	1
92	21	0	1	1	1	1	1	1	1	0	1	1	1	0	1	1	1	1	1	1	1	1	1	1	1
93	23	0	1	1	1	1	0	1	1	0	1	1	1	1	0	1	0	0	1	1	0	1	0	1	1
94	21	0	1	1	1	1	1	0	1	0	0	1	1	0	0	1	1	0	1	1	1	0	1	1	1
95	22	0	1	1	0	0	1	0	0	1	1	1	0	0	1	1	0	1	1	0	1	1	1	1	1
96	21	0	0	0	1	0	1	0	1	0	1	1	1	0	0	0	0	1	0	1	0	0	1	1	1
97	21	0	0	0	1	0	1	1	0	0	1	1	0	0	0	0	0	1	0	1	0	0	1	0	1
98	20	0	1	0	0	0	1	0	0	0	0	0	0	1	0	0	0	0	0	0	0	0	0	1	1
99	21	0	1	1	0	1	1	0	0	0	1	0	1	0	0	0	0	1	0	1	0	0	1	1	1
100	21	0	1	0	1	0	1	1	1	0	1	1	1	0	1	1	1	1	1	1	1	1	1	1	1
101	20	0	0	1	1	0	1	1	1	0	0	1	0	1	0	1	0	1	0	0	1	1	1	1	1
102	21	0	1	1	1	0	1	1	1	1	1	1	0	1	0	1	1	1	1	1	1	1	0	1	1
103	NA	0	1	1	1	0	1	1	1	1	1	0	0	1	0	0	0	1	0	1	1	1	0	0	1
104	18	0	1	1	1	0	1	0	1	1	1	1	1	1	0	1	0	1	1	1	0	0	1	1	1
105	18	0	1	1	1	0	1	1	1	0	1	1	0	1	0	1	0	1	0	1	1	0	1	1	1
106	19	0	1	0	1	1	0	0	1	0	1	1	0	0	0	1	0	0	0	0	0	0	0	1	1
107	18	0	1	1	1	0	0	0	0	1	1	0	0	1	1	1	0	1	1	1	0	0	0	0	1
108	24	0	1	1	1	0	1	0	1	0	1	1	0	1	1	1	1	1	0	1	0	1	0	1	1
109	19	0	1	0	1	1	1	1	1	1	1	1	1	1	1	1	0	1	1	1	1	0	1	1	1
110	18	0	1	1	1	1	1	1	1	1	1	1	1	1	0	1	0	0	1	1	1	1	1	1	1
111	18	0	1	1	1	1	1	1	1	1	1	1	1	1	0	1	1	1	1	1	1	1	1	1	1
112	18	0	0	0	1	1	1	1	0	0	0	1	0	1	0	1	1	1	1	NA	0	1	1	1	1
113	19	0	1	1	1	0	1	1	1	1	1	1	0	1	0	1	0	1	1	1	1	1	1	1	1
114	18	0	1	0	1	0	1	0	0	1	1	1	1	1	0	1	1	1	1	1	1	0	1	0	1
115	31	0	1	0	0	0	1	0	0	0	0	0	0	1	0	1	0	0	0	0	0	0	1	1	1
116	19	0	0	1	1	0	1	1	0	0	1	1	0	0	1	1	0	0	1	0	1	0	1	1	1
117	17	0	1	1	1	1	1	0	1	1	1	1	0	0	0	1	0	0	1	1	1	1	1	1	1
118	18	0	1	0	1	0	1	1	1	0	1	1	0	1	1	1	1	1	1	1	1	1	1	1	1
119	17	0	1	1	1	1	1	0	1	1	1	1	1	0	0	1	0	0	0	0	1	1	1	1	1
120	18	0	1	1	1	0	0	0	0	0	0	0	0	1	1	1	0	1	1	0	0	0	0	1	1
121	18	0	1	0	1	0	1	1	0	1	1	1	0	0	1	0	0	1	1	0	0	0	0	1	1
122	18	0	1	1	1	0	1	0	1	1	1	1	1	1	1	1	0	1	1	1	0	0	1	1	1
123	18	0	1	1	1	0	0	1	0	0	1	1	0	1	0	1	1	1	1	0	0	1	0	1	1
124	18	0	1	0	1	0	0	0	0	0	0	1	0	1	0	0	0	0	1	0	0	0	0	0	0
125	18	0	1	1	1	1	1	1	1	1	1	1	1	1	0	1	1	1	1	1	1	1	1	1	1
126	19	0	0	1	1	0	1	0	0	1	1	1	0	1	0	0	0	1	0	1	0	0	0	0	0
127	19	0	1	0	0	1	1	0	0	1	1	1	1	1	0	0	0	1	0	1	1	0	1	0	1
128	28	0	1	1	1	1	1	1	1	1	1	1	1	1	1	1	1	1	1	1	1	1	1	1	1
129	24	0	1	1	1	0	0	0	0	0	0	0	0	1	0	1	0	0	0	0	0	1	0	1	1
130	18	0	1	1	1	0	1	1	1	0	1	1	1	1	0	1	1	0	1	0	0	1	1	1	1
131	20	0	1	0	1	0	0	0	0	0	0	1	0	0	0	0	0	0	0	1	0	0	0	0	0
132	18	0	0	0	1	0	1	1	0	0	1	1	0	1	0	1	0	1	0	1	0	0	1	1	1
133	18	0	1	1	1	0	0	1	1	0	0	1	0	1	0	0	0	1	0	0	0	0	0	1	1
134	24	0	1	0	1	0	1	NA	1	1	1	1	0	1	1	1	1	1	1	0	1	0	1	1	1
135	20	0	1	1	1	1	1	0	1	1	1	1	1	0	1	1	1	1	1	1	1	1	1	1	1
136	19	0	1	0	1	1	1	1	1	1	1	1	1	0	1	1	0	1	0	1	1	1	1	1	1
137	27	0	1	1	1	0	1	1	1	0	1	0	1	1	1	1	0	0	1	1	0	0	1	1	1
138	19	0	0	0	0	0	1	0	0	1	1	0	0	1	0	1	0	0	0	1	1	0	1	1	0
139	18	0	0	0	1	0	0	0	1	0	0	0	0	1	0	0	0	1	0	0	0	0	0	0	0
140	NA	0	0	0	1	0	1	0	0	0	1	1	0	1	0	1	0	0	0	0	0	0	0	1	1
141	18	0	1	1	1	0	0	1	1	0	0	1	0	1	1	1	0	1	0	1	0	0	1	1	1
142	18	0	1	1	1	1	1	1	1	1	1	0	0	1	0	1	0	1	1	1	1	1	1	1	1
143	18	0	1	1	1	0	1	1	0	0	1	1	1	1	1	1	0	1	0	1	1	0	1	1	1
144	18	0	1	1	1	1	1	1	1	1	1	1	1	1	0	1	0	1	1	1	1	1	1	1	1
145	17	0	1	1	1	0	1	1	1	0	1	1	0	1	1	1	1	0	1	1	1	1	1	1	1
146	18	0	1	1	1	1	0	1	0	0	1	1	0	1	1	1	0	1	0	1	1	0	1	1	1
147	18	0	0	0	1	0	1	0	1	0	0	1	0	0	0	0	0	0	0	1	0	0	0	0	0
148	18	0	0	0	1	0	0	1	1	1	1	1	0	1	0	1	1	1	0	0	1	0	1	1	1
149	19	0	0	1	1	0	1	1	1	0	0	0	0	1	0	1	0	1	1	1	0	1	0	0	1
150	18	0	0	0	0	0	0	0	0	0	0	0	0	0	0	1	0	1	0	0	0	0	0	0	0
151	19	0	0	0	1	0	0	0	1	1	0	1	1	0	0	0	0	0	0	0	0	0	0	0	0
152	19	0	1	1	1	1	1	1	1	1	1	1	1	1	1	1	1	1	1	1	1	1	1	1	1
153	17	0	0	1	0	0	0	0	1	0	1	0	0	1	0	0	0	1	0	1	0	0	0	1	1
154	18	0	1	1	1	1	1	1	1	1	1	1	1	0	0	0	0	1	0	1	1	1	1	1	1
155	20	0	1	0	1	0	1	0	0	0	0	1	0	1	0	1	0	1	0	0	0	0	1	0	1
156	18	0	1	1	1	1	1	1	1	1	1	1	1	1	1	1	0	1	0	1	0	1	1	1	1
157	18	0	0	0	0	0	0	0	0	0	0	0	0	1	0	0	0	0	0	0	1	0	0	0	1
158	19	0	1	1	1	1	1	1	1	1	1	1	0	1	1	1	0	1	1	0	0	0	1	1	1
159	18	0	1	1	0	1	1	1	1	0	1	1	0	1	0	1	1	1	1	1	0	1	1	1	1
160	18	0	1	1	1	1	1	1	1	1	1	1	1	1	0	1	1	1	1	1	1	1	1	1	1
161	20	0	1	1	1	1	1	0	0	0	0	1	1	0	0	0	1	1	0	1	1	1	1	1	1
162	18	0	1	0	1	0	1	0	1	0	1	0	0	1	0	1	0	0	1	1	1	0	0	1	1
163	18	0	0	1	1	0	0	0	1	0	0	0	0	0	0	1	0	0	0	0	0	0	1	1	1
164	18	0	0	1	1	0	1	1	0	1	1	1	0	1	1	1	0	1	0	1	1	1	1	1	1
165	19	0	0	1	1	0	1	1	1	0	0	1	0	1	0	1	0	0	0	1	0	0	0	0	1
166	19	0	0	0	1	0	0	0	1	0	1	0	1	1	0	0	0	0	0	0	0	0	0	0	1
167	19	0	1	1	1	1	1	1	1	1	1	1	1	1	0	1	1	1	0	NA	NA	NA	NA	NA	NA
168	19	0	1	1	1	1	1	0	1	1	1	0	0	0	1	1	1	1	1	1	0	1	1	0	0
169	NA	0	0	1	1	0	1	1	1	0	1	1	0	1	0	0	0	1	1	1	0	0	1	1	1
170	18	0	1	1	1	1	0	1	0	0	0	1	1	1	0	1	0	0	1	1	1	1	0	1	1
171	18	0	1	0	1	0	1	1	0	1	1	1	0	1	0	1	1	1	1	1	1	1	1	1	0
172	19	0	1	1	1	1	0	1	1	0	1	1	1	0	0	1	1	1	1	1	0	1	1	1	1
173	20	0	0	0	0	0	1	0	0	0	0	1	0	0	0	0	0	0	0	0	0	0	1	0	1
174	18	0	1	1	1	1	1	0	1	1	1	1	1	1	1	1	0	1	1	1	1	1	1	1	1
175	22	0	1	1	1	1	1	1	0	1	1	1	1	1	0	1	0	1	1	1	1	0	1	1	1
176	18	0	1	1	1	0	1	1	1	1	1	1	0	0	1	1	1	0	1	1	1	1	1	1	0
177	19	0	1	0	1	0	1	0	1	1	1	1	1	1	1	1	1	0	0	0	0	0	1	1	1
178	21	0	0	1	1	0	0	0	0	1	1	1	0	1	0	1	0	0	1	1	1	0	1	0	0
179	18	0	0	1	0	0	0	0	0	0	0	1	0	1	0	1	0	0	1	1	0	0	1	1	1
180	18	0	1	1	1	0	1	1	1	1	1	1	1	0	0	1	0	1	0	1	1	1	1	1	1
181	18	0	1	1	1	1	1	1	0	0	0	1	1	1	0	1	0	1	1	0	1	0	1	1	1
182	19	0	0	1	1	NA	0	NA	0	1	1	1	NA	0	1	0	0	0	0	1	0	0	0	NA	0
183	18	0	0	0	0	0	0	0	1	0	0	1	0	1	0	0	0	1	0	0	1	0	1	0	1
184	18	0	1	0	1	0	1	1	1	1	1	0	0	1	0	1	0	1	0	1	1	0	1	1	1
185	18	0	1	1	1	0	1	1	1	1	1	1	1	0	1	1	1	1	1	1	1	1	1	1	1
186	18	0	1	1	1	0	1	0	1	1	0	1	0	1	1	0	1	1	1	1	0	0	1	0	0
187	18	0	0	0	1	0	0	0	0	1	1	1	1	0	0	1	0	1	0	1	0	0	1	1	1
188	18	0	0	1	0	0	1	0	0	0	0	1	0	0	0	0	0	1	0	1	0	0	1	0	1
189	19	0	1	1	1	1	1	0	0	1	0	1	0	1	0	1	0	1	1	1	1	0	1	1	1
190	19	0	0	1	1	0	1	0	1	1	1	1	1	0	0	0	0	0	1	1	1	0	1	1	1
191	31	0	0	0	1	0	0	0	0	0	0	1	0	1	0	0	0	0	0	0	0	0	0	1	1
192	19	0	1	1	1	0	0	1	1	0	1	0	0	1	0	1	1	0	1	0	1	0	0	1	1
193	19	0	1	0	1	0	0	0	0	0	0	0	0	1	0	0	0	1	0	1	0	0	0	1	1
194	33	0	1	1	1	1	1	1	1	1	1	1	1	0	0	1	1	1	1	1	1	1	1	1	1
195	17	0	1	0	1	0	1	1	1	1	1	1	0	1	0	1	1	1	1	1	1	1	1	1	1
196	22	0	0	1	0	0	0	0	0	0	0	1	0	0	0	1	0	0	0	1	0	1	1	1	0
197	18	0	1	1	1	0	0	0	1	0	1	1	0	1	0	1	0	1	0	1	0	0	1	1	1
198	17	0	0	1	1	1	0	0	0	0	1	1	0	0	0	1	0	1	1	0	0	0	0	1	1
199	18	0	1	1	1	1	0	0	0	0	0	1	0	1	1	1	1	1	1	0	1	0	0	1	1
200	17	0	1	1	1	0	1	1	1	0	1	1	0	1	1	1	1	1	1	1	0	1	1	1	1
201	18	0	1	0	1	1	1	1	1	0	1	1	0	1	1	1	0	1	1	1	1	0	1	1	1
202	18	0	1	1	1	0	1	1	1	0	1	1	1	1	0	1	1	1	1	1	0	1	1	1	1
203	17	0	1	1	1	0	1	0	0	0	1	1	1	1	1	1	1	1	1	1	1	0	1	1	1
204	17	0	1	1	1	0	1	0	1	0	1	1	0	0	1	1	0	0	1	1	1	0	1	1	1
205	21	0	0	0	1	0	0	0	0	0	0	0	0	0	0	0	0	0	0	0	0	0	0	0	0
206	18	0	1	0	1	1	1	1	1	1	0	0	1	0	0	1	1	1	1	1	1	1	1	1	1
207	17	0	1	1	1	0	1	0	0	1	1	1	1	1	0	1	1	0	1	1	1	0	1	1	1
208	18	0	0	1	1	0	1	1	0	0	0	1	1	1	0	0	0	1	0	1	1	0	1	1	1
209	18	0	0	1	1	1	0	0	0	0	1	1	0	1	0	0	0	1	0	1	0	0	1	1	1
210	18	0	1	1	1	1	0	1	0	0	0	1	0	1	0	1	1	0	0	0	0	0	0	1	1
211	17	0	1	1	1	1	0	1	0	1	1	1	1	1	1	1	1	1	1	0	1	1	1	1	1
212	18	0	0	1	1	0	1	1	0	1	1	0	0	1	0	1	0	1	0	0	1	0	0	1	1
213	18	0	0	1	1	0	0	1	1	0	1	1	1	1	0	0	0	1	0	1	0	1	1	1	0
214	18	0	0	1	1	0	1	0	1	0	0	0	0	0	0	1	0	0	0	0	0	0	1	0	1
215	18	0	1	0	1	1	1	0	1	1	1	1	1	1	0	0	0	1	0	1	0	0	1	1	1
216	18	0	1	1	1	0	1	1	1	0	1	1	0	1	1	1	0	1	0	0	0	1	1	1	1
217	17	0	1	0	1	0	0	0	0	1	1	1	0	0	0	1	0	0	0	0	0	0	0	1	1
218	19	0	1	1	1	0	1	1	1	1	1	1	0	1	0	1	0	1	0	1	1	1	1	1	1
219	18	0	1	1	1	0	1	1	1	1	1	1	0	1	0	1	0	1	0	1	1	1	1	0	1
220	18	0	1	1	1	0	1	1	1	0	0	1	0	1	0	1	0	1	1	1	0	1	1	1	1
221	18	0	0	1	1	0	0	1	1	0	0	0	0	1	0	0	0	1	1	0	0	0	1	1	1
222	18	0	1	1	1	0	0	0	0	1	1	1	0	1	1	0	0	1	0	0	1	0	0	1	1
223	18	0	1	1	1	1	1	1	1	1	1	1	0	1	1	1	0	1	1	1	1	0	1	1	1
224	18	0	1	1	1	1	1	1	1	1	1	1	0	1	0	1	0	1	1	1	1	1	1	1	1
225	24	0	1	1	1	0	1	1	1	1	0	1	1	1	0	1	1	1	0	1	0	1	1	1	1
226	18	0	1	0	0	0	0	0	0	0	1	1	0	0	0	1	0	0	1	0	0	0	0	1	1
227	18	0	1	0	1	0	0	1	1	1	1	1	1	1	1	1	1	1	0	1	1	1	1	1	1
228	18	0	0	1	1	0	0	0	1	0	1	1	0	1	0	0	0	1	1	0	0	0	0	1	1
229	18	0	1	0	1	1	0	0	1	0	0	0	0	0	0	1	0	1	1	0	0	0	0	1	1
230	17	0	1	1	1	0	1	1	0	0	1	1	0	1	0	1	0	1	0	1	0	0	1	1	1
231	18	0	1	1	0	1	0	0	0	0	0	0	0	0	1	1	0	0	0	0	0	0	0	1	1
232	18	0	1	0	1	0	1	0	1	0	1	1	0	1	0	0	0	1	0	1	0	1	1	1	1
233	17	0	0	1	1	0	1	0	1	0	0	0	0	1	0	1	0	1	1	1	0	0	1	1	1
234	18	0	1	1	1	0	1	1	0	1	1	1	1	1	0	1	0	1	1	1	1	1	1	1	1
235	18	0	0	1	0	0	0	0	1	0	0	0	0	1	0	1	0	1	1	1	0	0	0	1	1
236	18	0	1	0	1	0	0	0	0	0	0	1	0	1	1	0	0	1	0	1	0	0	0	1	1
237	18	0	0	0	1	0	0	0	0	0	1	0	0	0	0	1	1	1	1	1	0	0	0	1	1
238	19	0	1	1	1	0	1	1	0	0	0	0	0	0	0	1	0	1	0	1	0	0	1	0	1
239	19	0	0	0	1	0	0	0	0	0	0	1	0	0	1	0	0	0	0	0	0	0	0	1	0
240	17	0	1	1	1	1	1	1	1	0	0	1	1	1	1	1	1	1	1	1	1	0	1	1	1
241	18	0	1	0	1	1	1	0	0	0	1	0	0	0	0	1	0	0	1	0	0	0	1	1	1
242	18	0	0	1	1	0	1	0	1	0	1	1	0	0	0	1	0	1	0	1	0	0	1	1	1
243	18	0	0	0	1	0	0	0	1	0	0	1	0	1	0	0	0	0	0	1	0	0	1	1	0
244	17	0	1	1	1	0	1	1	1	0	1	1	0	1	1	1	1	1	1	1	0	0	1	1	1
245	21	0	1	1	1	0	1	1	1	0	1	1	0	1	0	1	1	1	1	1	0	1	1	NA	1
246	19	0	0	1	1	0	1	0	1	1	1	1	1	1	0	0	0	0	0	1	1	1	1	0	1
247	18	0	0	1	1	0	0	0	0	0	0	1	0	1	1	1	0	1	1	0	0	0	0	1	1
248	17	0	1	0	1	0	0	1	0	0	0	1	0	1	0	1	0	1	0	0	0	0	1	0	1
249	18	0	1	1	1	1	0	1	1	0	1	1	0	1	0	1	0	1	1	1	0	0	0	1	1
250	19	0	1	0	1	0	1	0	0	1	1	0	0	1	0	0	0	1	0	1	0	0	1	1	1
251	23	0	1	0	1	0	1	0	0	0	0	1	0	1	0	1	1	1	0	1	1	1	1	1	1
252	18	0	1	1	1	1	1	1	1	1	1	1	0	0	1	1	0	1	1	1	1	1	1	1	0
253	18	0	1	0	1	0	0	0	0	0	0	1	0	0	0	1	0	0	1	1	1	0	0	1	1
254	18	0	0	0	0	0	0	0	0	0	0	0	0	0	0	1	1	0	0	0	0	1	0	1	1
255	18	0	0	1	1	0	1	0	1	0	1	1	1	0	1	0	0	0	1	0	1	0	1	1	1
256	19	0	0	0	1	0	1	0	0	0	0	1	0	0	1	1	0	1	1	1	1	0	1	0	1
257	18	0	1	0	1	1	1	0	1	0	1	1	0	1	0	0	1	0	1	1	0	1	0	1	0
258	19	0	0	0	1	NA	1	1	0	1	1	1	NA	1	0	1	0	1	1	1	NA	1	1	1	1
259	20	0	1	1	1	1	1	0	1	0	0	1	0	0	1	0	0	0	1	0	0	0	1	0	1
260	18	0	1	1	1	0	1	1	0	0	1	0	1	0	0	1	1	1	1	1	1	0	0	1	1
261	18	0	1	1	1	1	1	1	1	NA	1	1	0	1	0	1	0	0	0	1	1	1	1	1	1
262	19	0	1	1	1	1	1	1	0	1	1	1	1	1	1	1	1	1	0	1	1	1	1	1	1
263	42	0	1	1	1	1	1	1	1	1	1	1	1	1	0	1	0	0	1	1	1	0	1	1	0
264	24	0	1	1	1	0	1	0	1	0	0	0	0	0	0	1	0	0	1	1	0	1	1	1	1
265	31	0	1	0	1	0	1	1	1	1	1	0	0	1	0	0	1	1	0	1	0	0	1	1	0
266	35	0	0	0	1	0	1	0	0	0	1	0	0	0	1	0	0	0	1	1	0	1	1	1	1
267	33	0	0	1	1	0	1	0	1	0	1	0	0	0	0	0	0	1	0	0	0	0	1	1	1
268	42	0	1	1	0	0	0	1	1	1	1	0	0	1	1	1	0	1	0	0	0	0	0	1	1
269	55	0	0	0	1	0	1	0	1	1	1	1	0	1	0	0	0	0	0	1	0	0	0	0	1
270	40	0	1	0	1	0	1	0	0	0	0	0	0	0	1	0	0	0	0	0	0	0	0	0	1
271	34	0	1	0	1	1	1	1	0	1	1	1	1	0	0	1	0	0	0	1	1	1	1	1	1
272	46	0	0	0	0	0	0	1	1	0	1	1	0	1	0	0	0	1	0	0	0	0	1	1	1
273	49	0	1	1	1	0	1	1	1	1	1	1	1	1	0	1	0	0	0	1	1	1	1	1	1
274	29	0	0	1	1	0	0	0	1	0	1	1	0	0	0	0	0	0	1	0	0	1	0	1	1
275	NA	0	0	0	1	0	1	0	1	0	0	0	0	0	0	1	0	0	0	0	0	1	1	1	1
276	30	0	0	0	0	0	1	1	1	0	1	1	1	0	0	1	0	1	1	1	0	1	1	1	1
277	34	0	1	0	1	0	0	0	1	0	0	0	0	0	0	1	0	1	0	1	0	1	1	1	1
278	51	0	0	0	1	0	0	0	0	0	0	0	0	0	0	0	0	0	0	0	0	0	0	1	1
279	39	0	1	0	1	0	1	1	1	1	1	0	1	0	0	0	0	1	1	1	1	1	1	1	1
280	44	0	0	0	1	0	1	1	1	0	1	1	1	0	0	0	1	0	1	1	0	0	1	0	1
281	44	0	0	0	0	0	0	1	0	1	0	0	1	0	0	0	0	0	0	1	0	0	0	0	0
282	55	0	1	0	1	0	1	0	1	0	1	1	0	0	0	0	0	1	1	1	0	1	1	0	1
283	36	0	1	1	1	1	1	1	1	1	1	1	1	1	1	0	1	1	1	1	1	1	1	1	1
284	54	0	1	0	1	0	0	1	1	1	1	0	0	1	0	1	1	1	1	1	0	1	1	1	1
285	50	0	1	1	1	0	1	0	1	1	1	1	1	0	1	0	0	0	1	1	1	1	1	0	1
286	32	0	1	1	1	1	1	1	0	0	1	0	0	1	1	1	0	0	0	1	0	1	0	1	1
287	49	0	0	0	0	0	1	1	0	1	1	0	1	1	1	1	1	1	0	1	0	1	1	1	1
288	58	0	1	0	1	0	1	0	0	0	0	0	0	1	0	1	1	0	1	1	1	1	1	1	1
289	49	0	0	0	0	0	0	0	0	0	0	0	0	0	0	0	0	0	0	0	0	0	0	1	0
290	NA	0	0	0	0	0	1	0	0	1	1	1	0	0	0	0	0	0	0	1	0	1	1	0	1
291	54	0	1	1	1	0	1	1	0	0	1	1	0	0	0	1	1	0	1	1	0	0	1	1	1
292	54	0	1	0	1	0	0	1	1	0	0	0	0	0	0	1	0	1	1	1	0	0	0	1	1
293	36	0	1	0	1	0	1	1	1	0	1	0	0	0	0	0	0	1	0	0	0	1	1	0	1
294	43	0	1	0	0	0	1	1	0	0	0	0	0	0	0	0	0	1	1	1	0	0	1	1	1
295	39	0	0	1	1	0	1	0	1	0	1	0	0	0	0	1	0	0	0	0	1	0	1	1	1
296	51	0	0	0	1	0	1	0	0	0	1	0	0	0	0	1	0	1	0	0	0	0	0	1	1
297	34	0	1	1	1	1	1	1	1	1	1	1	1	1	1	0	0	0	1	1	1	1	1	1	1
298	30	0	1	0	1	0	0	0	1	0	1	0	0	1	0	0	0	1	0	0	0	0	1	0	1
299	42	0	0	0	0	0	0	0	0	0	0	1	1	1	0	0	0	0	0	0	0	0	0	1	1
300	25	0	1	0	1	0	1	0	1	0	0	0	0	1	0	0	0	1	0	0	0	1	1	1	1
301	61	0	0	0	0	0	0	0	0	0	0	0	0	0	0	0	0	0	1	1	0	1	1	1	1
302	48	0	0	0	0	0	0	0	0	0	0	0	0	0	0	0	0	0	0	0	0	0	1	0	1
303	44	0	0	NA	0	0	0	0	0	0	0	0	0	0	0	0	0	0	1	0	NA	NA	NA	NA	NA
304	73	0	1	0	1	1	1	1	1	0	1	1	1	0	1	0	1	1	0	1	0	0	1	1	1
305	39	0	0	0	1	0	1	0	0	1	1	0	1	1	1	0	0	1	0	1	1	0	1	0	1
306	30	0	1	1	1	0	1	1	0	0	0	1	0	1	1	1	0	1	1	0	0	1	1	1	1
307	43	0	1	1	1	1	1	1	1	1	1	1	1	1	1	1	1	1	1	1	1	1	1	1	1
308	68	0	1	1	1	0	1	0	1	1	1	0	0	0	0	1	0	1	0	1	1	1	1	1	1
309	48	0	0	0	0	0	0	0	0	0	0	0	0	0	0	0	0	0	0	0	0	0	1	1	1
310	31	0	0	0	1	1	1	0	0	0	0	1	1	1	1	1	0	0	0	1	0	0	1	1	1
311	44	0	1	1	1	0	1	1	1	0	1	1	0	1	0	1	0	1	1	1	0	1	1	1	1
312	46	0	0	0	0	0	0	0	0	0	1	0	1	0	1	0	0	0	0	0	0	0	0	0	1
313	53	0	0	0	1	0	0	0	0	0	0	0	0	0	0	0	0	0	0	0	0	0	0	0	1
314	39	0	0	1	1	0	1	1	0	0	0	1	0	0	0	1	0	0	1	1	0	1	1	0	1
315	57	0	1	1	1	0	1	0	1	1	1	0	0	0	1	1	0	0	1	1	1	1	1	1	1
316	36	0	1	1	1	0	1	1	0	0	1	0	0	0	0	1	1	0	0	1	0	0	1	0	1
317	NA	0	0	0	0	1	0	0	0	0	0	0	0	0	0	0	0	0	1	0	0	0	0	1	0
318	44	0	1	0	1	0	1	0	0	1	1	0	1	0	1	1	0	0	1	1	1	0	1	1	1
319	43	0	0	0	1	0	0	0	0	0	1	0	0	0	1	0	0	0	1	0	0	0	1	1	1
320	47	0	1	0	0	0	1	0	1	1	1	1	1	1	0	0	0	1	1	1	1	0	1	1	1
321	44	0	1	1	1	0	1	1	1	0	1	0	1	0	0	1	1	0	1	1	0	1	1	1	1
322	45	0	1	1	1	0	1	0	0	0	1	1	0	0	0	1	0	0	0	1	0	1	1	1	1
323	52	0	1	0	0	0	0	0	0	0	0	0	0	0	0	0	0	1	0	1	0	1	0	1	1
324	62	0	1	1	0	1	1	0	0	0	1	0	0	0	0	1	1	0	1	1	0	1	1	1	1
325	50	0	0	0	0	0	0	0	0	0	0	0	0	0	0	0	0	0	0	0	0	0	1	0	1
326	46	0	1	1	1	0	1	1	1	0	0	0	0	0	1	1	0	1	1	1	0	0	0	1	1
327	51	0	0	0	0	0	0	0	0	0	0	0	0	0	0	0	0	0	0	1	0	0	1	1	1
328	47	0	0	1	0	0	0	0	0	0	0	0	0	0	1	1	0	0	0	0	0	0	0	1	1
329	57	0	0	0	1	0	0	1	0	1	1	1	0	0	1	1	0	1	1	1	0	1	0	1	0
330	33	0	0	1	1	0	1	0	1	0	1	1	0	0	0	1	0	1	0	1	0	1	1	1	1
331	52	0	0	0	0	0	0	0	1	0	1	0	0	1	0	0	0	0	1	1	0	0	1	1	0
332	66	0	1	0	1	1	1	0	0	0	0	1	1	0	0	0	0	0	0	1	0	0	0	1	1
333	50	0	1	1	1	1	1	0	0	0	1	1	1	1	0	1	0	1	1	1	1	1	0	1	1
334	69	0	1	0	1	0	1	0	0	0	1	0	0	0	1	0	0	0	0	0	1	1	1	1	1
335	51	0	1	1	1	0	1	1	1	1	1	1	1	1	0	0	0	1	1	1	1	1	1	1	1
336	32	0	1	1	1	0	1	1	1	0	1	0	1	1	1	1	0	1	1	1	0	1	1	1	1
337	30	0	1	1	1	0	1	0	1	1	1	1	0	1	1	1	0	0	1	0	0	1	1	1	1
338	48	0	1	0	1	0	1	0	0	0	0	0	0	0	0	1	0	0	0	1	0	1	1	1	1
339	64	0	1	1	1	0	1	0	1	0	1	1	0	0	1	1	0	1	0	1	1	1	1	1	1
340	44	0	0	1	1	0	0	1	0	1	1	1	1	1	0	1	0	0	0	1	1	0	1	1	1
341	20	0	1	1	1	0	1	1	1	0	1	1	1	0	0	1	1	1	1	1	1	1	1	1	1
342	21	0	1	1	1	0	1	1	1	0	1	1	1	1	0	1	1	1	0	1	0	1	1	1	1
343	21	0	1	1	1	1	1	1	0	0	1	1	0	1	1	1	0	1	1	1	1	1	1	1	1
344	21	0	1	1	1	1	1	1	1	0	1	1	0	1	0	1	0	1	0	1	0	1	1	1	1
345	22	0	1	0	1	1	1	1	1	0	1	0	0	0	0	0	0	1	0	1	0	1	1	1	1
346	20	0	0	1	1	0	1	1	1	0	1	1	0	1	1	1	1	1	0	1	0	1	1	1	1
347	20	0	0	0	1	0	1	0	1	0	0	0	0	0	0	1	0	0	1	0	0	0	1	1	1
348	24	0	0	0	1	0	0	0	0	0	0	0	0	0	1	0	0	0	1	0	0	0	0	1	1
349	31	0	0	1	1	1	1	1	1	1	1	0	1	0	0	1	1	1	0	1	1	0	1	1	1
350	21	0	1	1	1	1	1	1	1	0	1	0	0	1	1	1	1	1	1	1	0	1	1	1	1
351	22	0	0	1	1	0	1	0	0	1	1	1	0	0	0	1	0	0	0	1	0	0	1	1	0
352	22	0	1	1	1	0	1	1	1	0	0	0	1	0	1	1	1	1	1	0	1	1	1	1	1
353	19	0	0	0	1	0	1	1	1	0	0	1	0	1	0	1	0	1	0	1	0	1	1	1	0
354	21	0	0	0	1	0	1	0	0	0	1	1	0	0	0	1	0	1	1	1	0	0	1	1	1
355	24	0	1	0	1	0	0	0	0	0	0	0	0	0	0	0	0	1	0	0	0	0	0	1	1
356	19	0	1	1	1	0	1	1	1	0	1	1	0	1	1	0	1	0	1	1	1	0	1	1	1
357	23	0	0	1	1	1	1	0	1	1	1	1	1	1	0	1	1	1	1	1	1	1	1	1	1
358	21	0	1	0	1	0	1	1	1	0	1	1	0	1	0	1	0	1	0	0	0	0	1	1	1
359	22	0	1	1	1	0	1	1	0	1	1	1	0	1	0	1	0	1	1	1	1	1	1	1	1
360	21	0	0	1	1	0	1	1	1	0	1	1	0	1	0	1	0	0	1	1	0	0	1	1	1
361	20	0	1	1	1	1	1	1	1	1	1	1	1	1	1	1	1	1	1	1	1	1	1	1	1
362	22	0	0	0	1	0	1	0	1	0	1	1	0	1	0	0	0	1	0	1	0	0	1	1	1
363	23	0	0	0	1	0	1	0	0	0	1	0	1	1	0	1	0	1	0	0	0	0	1	1	1
364	20	0	0	0	1	0	1	0	0	0	0	0	0	1	0	0	0	0	0	0	0	0	0	1	1
365	22	0	1	1	1	1	1	1	1	0	1	1	1	1	0	1	1	1	1	1	0	1	1	1	1
366	21	0	0	1	1	0	1	1	0	1	1	1	1	1	0	1	0	1	1	1	1	0	1	1	1
367	20	0	1	1	1	0	0	0	1	0	1	0	0	0	0	0	0	0	0	0	0	0	0	1	0
368	20	0	0	0	1	0	0	0	0	1	1	1	1	0	0	0	0	1	1	1	0	0	1	1	1
369	21	0	1	0	1	0	0	0	0	0	0	1	0	1	0	0	0	0	0	0	0	0	1	1	1
370	19	0	1	1	1	0	1	1	1	0	1	1	0	1	1	1	1	1	1	1	0	1	1	1	1
371	19	0	0	0	0	0	0	1	0	1	1	0	0	0	0	0	0	1	1	1	1	0	0	1	1
372	19	0	1	1	1	0	1	1	1	0	1	1	0	0	1	1	1	1	1	0	0	1	1	1	1
373	23	0	0	0	0	0	0	0	0	0	0	0	0	0	0	0	0	0	0	0	0	0	0	0	1
374	21	0	0	1	1	0	1	1	1	1	1	1	0	1	0	1	0	1	1	1	1	1	1	1	1
375	21	0	0	0	0	0	1	0	0	0	0	0	0	0	0	0	0	1	0	1	0	0	1	0	1
376	23	0	0	1	1	0	1	0	1	0	1	0	0	1	0	0	0	0	1	1	0	0	1	1	0
377	24	0	1	1	1	1	0	0	1	0	0	0	0	1	0	1	0	0	0	1	0	0	0	1	1
378	21	0	0	0	1	0	0	1	0	0	1	1	0	1	0	0	0	1	0	0	0	1	1	1	1
379	20	0	1	1	1	1	0	1	1	0	1	1	0	0	1	1	1	1	1	0	1	1	1	1	1
380	20	0	0	0	1	0	1	0	1	1	1	0	0	0	0	0	0	1	0	1	1	0	1	0	1
381	22	0	1	1	1	1	0	0	0	1	1	0	0	0	1	0	0	0	1	1	1	0	1	1	1
382	21	0	0	1	1	0	1	0	1	0	1	0	0	0	0	0	0	1	1	1	0	0	1	1	1
383	20	0	1	1	1	0	1	0	1	1	1	1	0	0	0	1	0	1	0	1	0	0	1	1	1
384	20	0	1	0	1	0	1	1	0	0	0	0	0	1	0	1	0	1	0	1	0	0	1	1	1
385	20	0	0	1	0	0	0	0	0	0	0	0	0	0	1	0	0	1	0	0	0	0	0	1	1
386	19	0	1	1	1	0	1	1	1	0	0	1	0	1	0	1	1	0	0	1	0	1	1	1	1
387	29	0	0	0	1	1	1	0	0	0	1	1	1	1	0	1	0	1	0	1	1	0	1	0	1
388	20	0	1	1	1	1	1	1	1	0	1	1	0	1	0	1	1	1	1	1	0	1	1	1	1
389	21	0	1	1	1	0	1	0	1	1	1	1	1	1	0	1	1	1	0	1	1	1	1	1	1
390	23	0	1	1	0	1	0	1	0	1	1	1	1	0	0	1	0	0	0	0	1	0	0	1	1
391	23	0	0	0	1	0	1	0	0	0	0	0	0	1	1	1	0	1	0	0	0	0	1	1	1
392	19	0	1	1	1	0	1	1	1	1	1	1	1	0	1	1	0	1	0	1	1	1	1	1	1
393	20	0	1	0	1	0	1	1	1	1	1	1	0	0	0	1	0	1	0	1	0	1	1	1	1
394	20	0	1	1	1	1	1	1	1	0	1	1	0	1	1	1	0	1	1	1	1	1	1	1	1
395	22	0	1	1	1	0	1	0	1	0	1	1	1	0	1	1	1	1	1	1	1	1	1	1	1
396	21	0	1	1	1	1	1	1	0	0	1	0	1	0	1	1	1	0	0	0	1	1	1	1	1
397	29	0	1	1	1	1	1	1	1	1	1	0	1	1	1	1	1	1	1	1	1	1	1	1	1
398	20	0	1	1	1	0	1	0	0	0	1	1	0	0	0	0	0	0	1	0	0	0	1	1	1
399	21	0	1	0	1	0	1	0	0	0	1	1	0	1	1	1	0	1	1	0	0	0	1	1	1
400	21	0	0	1	1	0	1	1	1	0	1	1	0	1	0	1	0	1	1	1	0	0	0	0	1
401	20	0	1	1	1	1	1	1	1	1	1	1	1	0	1	1	0	1	1	0	0	1	1	1	1
402	24	0	0	0	0	0	0	1	0	0	0	0	0	0	1	0	0	0	0	0	0	0	0	1	1
403	22	0	1	1	1	0	1	1	1	1	1	1	1	1	0	1	0	1	1	1	1	0	1	1	1
404	21	0	1	1	1	0	1	1	1	1	1	0	1	1	0	1	0	0	1	1	1	0	1	1	1
405	19	0	0	0	1	0	1	0	1	1	1	1	0	1	0	0	0	1	0	0	1	0	1	0	1
406	20	0	1	1	1	0	1	0	1	0	1	1	0	1	0	1	0	1	0	1	1	0	0	1	1
407	21	0	1	1	1	0	1	0	0	0	0	1	0	1	0	1	0	1	0	1	0	0	1	1	0
408	21	0	1	1	1	1	1	0	0	1	1	1	0	1	1	1	1	0	0	1	1	1	0	1	1
409	22	0	1	0	1	1	1	1	0	1	1	1	1	1	0	1	0	1	0	0	1	0	1	0	1
410	24	0	1	0	1	0	1	0	0	0	0	0	0	1	0	0	0	0	0	0	0	0	1	1	1
411	23	0	1	0	1	0	1	1	0	0	1	0	0	1	0	1	0	1	0	1	0	1	1	1	1
412	22	0	1	0	1	0	0	0	0	0	0	1	0	0	0	1	1	0	1	0	0	0	0	1	1
413	20	0	1	1	1	0	1	1	1	0	1	1	1	1	0	1	1	1	1	1	0	1	1	1	1
414	21	0	1	0	1	0	0	0	0	0	1	1	0	1	1	0	0	1	1	0	0	0	0	0	1
415	20	0	0	1	1	0	1	0	1	0	1	0	0	0	0	1	0	1	0	1	0	1	0	1	1
416	22	0	1	0	1	0	1	1	1	0	1	1	1	1	0	1	0	1	0	0	1	0	1	1	1
417	20	0	1	0	1	1	1	1	0	0	0	0	0	0	1	0	1	1	1	1	0	1	0	1	1
418	19	0	1	1	1	0	1	1	0	1	1	1	1	1	1	1	0	1	0	1	1	0	0	1	1
419	21	0	1	0	1	0	0	1	0	0	0	0	0	0	1	1	0	0	0	0	0	1	1	1	1
420	20	0	1	1	1	0	0	1	0	0	0	0	0	0	0	1	0	0	0	1	0	0	1	1	1
421	21	0	0	0	1	0	1	0	0	0	1	0	1	1	0	0	0	1	0	1	1	0	1	0	1
422	20	0	0	1	1	0	1	0	0	0	1	0	0	0	1	1	0	1	0	0	1	0	1	1	1
423	20	0	0	1	1	0	0	0	0	0	0	1	1	1	1	0	0	0	1	1	1	0	1	1	1
424	22	0	1	1	1	0	0	0	0	0	1	1	0	0	1	1	1	1	0	1	0	1	1	1	0
425	24	0	1	0	0	1	1	1	0	1	1	1	1	1	0	1	0	0	0	0	1	0	1	0	1
426	21	0	1	1	1	1	1	1	1	1	1	0	1	0	1	1	1	1	1	1	1	1	1	1	1
427	21	0	1	0	0	1	0	1	0	0	0	0	0	1	0	0	1	0	0	0	0	0	0	1	1
428	21	0	0	0	1	0	1	1	0	1	1	1	1	1	1	1	0	1	0	0	1	1	1	1	1
429	22	0	1	1	1	1	0	1	1	0	0	1	0	1	0	1	1	1	1	1	0	1	0	1	1
430	21	0	1	1	1	0	1	1	1	1	1	1	0	1	0	1	0	1	1	1	0	1	1	1	1
431	20	0	0	1	1	0	1	1	0	0	1	0	0	1	0	1	0	1	0	1	0	0	1	0	1
432	22	0	1	1	1	0	0	0	0	0	1	1	0	0	0	0	0	1	0	1	0	0	1	1	1
433	21	0	1	1	1	1	1	0	1	1	1	1	0	0	0	1	1	0	0	1	1	0	1	1	1
434	20	0	1	1	1	0	0	0	0	1	1	0	0	1	0	0	0	0	0	0	1	0	0	1	0
435	25	0	0	1	1	0	1	1	0	1	1	1	0	1	0	1	0	1	1	1	1	1	0	1	1
436	22	0	1	1	1	1	1	1	1	0	1	1	0	1	0	1	1	1	0	1	0	1	0	1	1
437	20	0	1	1	1	1	0	1	1	1	1	0	1	0	0	0	0	0	1	1	1	1	1	1	1
438	20	0	0	1	1	0	0	0	0	1	1	1	0	1	1	1	0	0	1	1	1	0	0	1	1
439	21	0	0	1	1	0	0	0	0	0	0	0	0	0	0	0	0	1	0	0	0	0	0	1	1
440	19	0	1	1	1	0	1	0	1	1	1	1	1	1	0	0	0	1	0	1	1	1	1	1	1
441	20	0	1	1	1	1	1	1	1	0	1	0	1	1	1	1	0	1	1	1	0	1	1	1	1
442	21	0	0	0	1	0	1	1	0	0	1	0	0	1	0	0	0	0	0	0	0	0	1	1	1
443	21	0	0	1	1	0	0	0	1	0	0	0	0	1	0	1	0	0	0	0	0	0	0	1	1
444	21	0	0	1	1	0	1	0	0	0	0	0	0	0	0	1	0	0	0	0	0	0	1	1	0
445	21	0	1	1	1	1	1	1	1	1	1	1	1	1	0	1	0	1	1	1	1	0	1	1	1
446	21	0	0	0	1	0	1	0	0	0	0	0	0	0	0	0	0	1	0	1	0	0	1	0	0
447	22	0	1	0	0	0	1	1	0	0	1	0	1	0	1	0	0	1	1	1	0	1	1	1	1
448	29	0	1	1	0	0	1	0	1	0	1	0	0	1	0	1	0	0	1	1	0	1	1	0	1
449	20	0	0	0	0	0	0	0	0	0	0	0	0	0	0	1	0	1	0	0	0	0	0	0	1
450	19	0	0	1	1	0	0	1	1	0	0	0	0	1	0	1	0	1	0	0	0	0	1	1	1
451	20	0	1	0	1	0	1	1	1	1	1	1	0	0	1	1	1	1	1	0	1	1	1	1	1
452	21	0	1	1	1	1	1	1	1	1	1	1	0	1	0	1	1	1	1	1	1	1	1	1	1
453	23	0	0	1	1	0	1	1	0	0	0	0	0	0	0	1	0	0	1	0	0	1	0	1	1
454	20	0	0	0	1	0	0	1	1	1	1	1	0	1	0	1	0	1	1	1	0	1	1	1	0
455	21	0	1	1	1	0	1	1	1	1	1	1	1	1	1	1	1	1	1	1	1	1	1	1	1
456	23	0	1	1	1	0	1	0	1	1	1	0	1	0	0	1	0	1	0	1	1	0	1	0	1
457	23	0	1	1	0	1	0	0	0	0	0	1	0	1	1	1	0	0	1	0	0	0	0	1	0
458	22	0	1	1	1	0	0	0	1	0	1	1	0	1	1	1	0	0	1	0	0	0	0	1	1
459	21	0	1	1	1	1	0	1	1	0	0	0	1	1	1	1	0	1	0	0	0	1	1	1	1
460	23	0	1	1	1	1	1	1	1	1	1	1	1	1	1	0	1	0	0	1	1	1	1	1	1
461	22	0	0	0	1	0	1	0	0	0	1	0	0	0	1	0	0	0	1	1	0	0	1	1	1
462	20	0	1	1	1	0	1	1	1	1	1	1	0	1	0	1	0	1	0	1	1	0	1	0	1
463	21	0	1	1	1	0	0	1	0	0	0	0	0	1	0	0	1	0	0	0	0	0	0	1	1
464	21	0	1	1	1	0	1	0	1	0	1	1	0	0	0	1	0	1	0	1	1	1	1	0	1
465	20	0	1	1	1	1	1	1	1	1	1	1	1	0	1	1	1	1	1	1	1	1	1	1	1
466	21	0	0	1	1	0	0	0	0	0	0	0	0	1	0	0	0	1	0	0	0	0	0	1	0
467	20	0	0	0	1	0	0	0	0	0	0	0	0	0	1	0	0	1	1	1	0	0	0	1	0
468	23	0	0	0	0	0	0	0	0	0	0	0	0	1	0	0	0	0	0	0	0	0	1	1	1
469	19	0	0	1	1	0	1	1	0	0	0	0	0	0	1	1	0	0	0	1	1	0	1	1	1
470	20	0	0	1	1	0	1	0	0	0	1	0	0	0	0	1	0	0	0	1	0	0	1	1	1
471	21	0	1	1	1	0	1	1	1	1	1	1	1	1	0	1	1	1	1	1	1	1	1	1	1
472	20	0	0	0	0	0	0	0	0	0	0	0	0	1	1	1	0	0	0	0	0	0	0	1	0
473	20	0	1	1	1	0	1	0	0	0	1	1	1	1	1	1	0	0	1	1	0	1	1	1	1
474	19	0	1	1	1	0	1	NA	1	0	NA	0	NA	1	1	1	0	NA	NA	1	1	1	1	1	1
475	22	0	1	1	1	1	1	1	0	1	1	1	1	1	0	1	0	1	1	1	0	0	1	1	1
476	22	0	1	1	1	0	1	0	1	1	1	1	1	0	1	1	0	0	1	1	1	1	1	1	1
477	24	0	1	1	1	0	1	1	0	0	0	0	0	1	0	1	1	1	0	1	0	0	1	1	1
478	21	0	1	0	1	0	0	0	0	0	0	0	0	0	0	0	0	1	0	1	0	0	0	1	1
479	21	0	1	0	1	0	1	0	0	1	1	1	0	1	0	1	0	0	0	1	1	0	1	1	1
480	19	0	0	0	1	0	0	1	0	0	0	0	0	1	1	1	0	0	0	0	0	0	1	1	1
481	27	0	0	0	0	0	0	0	0	0	0	0	0	0	0	1	0	0	0	0	0	0	1	1	1
482	20	0	1	1	1	0	0	0	0	0	0	0	0	0	0	1	0	1	0	0	0	0	0	1	0
483	21	0	1	1	1	1	1	1	0	0	1	1	0	0	0	1	1	0	0	0	0	1	1	1	1
484	20	0	0	1	1	0	1	1	1	0	1	0	1	1	0	1	0	0	0	0	0	0	0	1	1
485	23	0	0	1	1	0	0	0	0	1	0	0	0	1	0	0	0	0	0	1	1	0	0	0	1
486	NA	0	1	1	1	0	1	1	1	1	1	1	1	1	1	1	1	1	1	1	1	1	1	1	1
487	19	0	0	1	1	0	0	1	1	0	0	1	0	1	1	1	0	0	1	1	0	1	0	1	1
488	20	0	1	1	1	0	1	1	0	1	1	1	1	1	1	0	0	0	0	0	0	1	0	1	1
489	20	0	1	1	1	0	1	0	0	0	1	0	0	0	0	1	0	1	1	1	0	0	1	1	1
490	21	0	1	1	1	1	1	0	1	1	1	1	1	1	0	1	0	0	1	1	0	0	1	1	1
491	20	0	1	1	1	0	1	1	1	0	1	1	0	0	0	1	0	1	1	1	0	1	0	1	1
492	21	0	1	1	1	0	1	1	1	0	1	0	0	1	1	1	0	1	1	1	0	1	1	1	1
493	20	0	1	1	1	1	1	1	1	1	1	0	1	1	0	1	1	1	1	1	1	1	1	1	1
494	23	0	1	0	1	0	1	0	1	0	1	1	1	0	0	0	0	0	1	0	1	0	1	0	1
495	21	0	1	1	1	0	1	1	0	0	1	0	0	1	0	0	1	1	1	1	1	1	0	1	1
496	19	0	1	1	1	1	1	1	1	0	0	1	0	1	0	1	0	1	1	1	0	1	1	1	1
497	20	0	1	1	1	0	0	1	0	0	1	0	0	0	0	1	1	0	0	1	0	1	0	1	1
498	22	0	0	0	1	0	0	0	1	1	1	0	0	0	0	1	0	0	0	1	1	0	1	0	1
499	21	0	1	1	1	0	1	1	1	1	1	1	1	1	1	1	0	0	1	1	1	1	1	1	1
500	20	0	1	1	1	0	1	1	1	1	1	1	1	1	0	1	0	1	0	1	1	0	1	1	1
501	19	0	1	1	1	0	1	1	1	0	0	1	0	1	1	1	0	0	0	0	1	1	0	1	1
502	20	0	1	1	1	0	1	0	1	0	0	1	0	0	0	1	0	1	0	1	0	1	1	1	1
503	20	0	1	0	0	0	0	1	0	0	0	0	0	1	0	0	1	0	1	0	0	1	0	1	0
504	20	0	0	0	0	0	1	0	0	1	0	0	0	0	0	1	0	0	0	0	0	0	0	1	1
505	21	0	0	0	0	0	0	1	0	0	0	1	0	0	0	1	1	1	1	0	0	0	1	1	1
506	19	0	1	1	1	0	1	0	1	0	1	1	0	0	0	1	0	1	0	1	0	0	1	1	1
507	19	0	0	1	1	0	1	0	0	0	1	1	0	0	0	1	0	1	1	1	0	0	1	1	1
508	21	0	1	0	1	0	0	0	0	1	0	0	0	1	0	1	0	1	0	0	0	0	0	1	0
509	20	0	1	1	1	0	1	1	1	1	1	1	0	1	0	1	0	1	1	1	1	1	0	1	1
510	20	0	0	1	1	1	0	0	1	1	1	0	0	0	0	0	0	0	1	1	1	1	1	0	1
511	22	0	0	1	1	0	0	1	0	0	0	0	0	0	0	1	0	1	0	0	0	0	0	1	1
512	20	0	1	1	1	1	1	0	1	1	1	1	1	1	0	0	1	1	0	1	1	1	0	0	1
513	22	0	1	1	1	1	1	1	1	1	1	1	1	1	1	1	0	1	0	1	0	0	1	0	1
514	20	0	1	1	0	0	0	0	0	0	0	0	0	0	1	0	0	1	0	0	0	1	1	1	1
515	21	0	1	1	1	0	1	1	0	0	1	1	1	1	1	0	0	1	0	0	0	0	1	0	1
516	20	0	1	1	1	1	1	1	1	1	1	1	1	1	1	1	1	1	0	1	1	1	1	1	1
517	23	0	1	0	1	0	1	0	1	0	0	1	0	1	0	1	1	1	1	0	0	0	1	1	1
518	21	0	0	0	1	0	0	0	0	0	0	0	0	0	0	0	0	0	0	0	0	0	0	1	1
519	21	0	1	1	1	0	1	1	1	1	1	1	0	0	0	1	0	0	1	1	1	1	1	1	1
520	21	0	0	0	1	1	1	1	1	1	1	1	0	1	1	1	1	1	1	1	1	1	1	1	1
521	21	0	1	0	1	0	1	1	0	1	1	1	1	1	0	1	0	0	0	1	1	0	1	1	1
522	21	0	1	0	1	0	0	1	0	1	1	1	0	0	1	1	1	1	0	1	1	0	1	1	1
523	22	0	1	1	0	0	0	1	0	0	0	0	0	0	1	1	1	0	1	0	0	1	1	1	1
524	19	0	1	1	1	1	1	1	1	0	1	1	0	0	0	1	0	1	1	0	0	1	0	1	1
525	24	0	1	0	0	0	1	1	0	0	0	0	0	0	0	1	0	1	0	1	0	0	1	1	1
526	21	0	1	1	1	0	1	0	0	0	1	0	0	0	1	0	0	1	0	0	0	0	1	1	1
527	21	0	0	1	1	0	1	0	0	0	0	1	0	1	1	0	0	1	0	1	0	0	1	1	1
528	21	0	0	1	1	0	0	0	0	0	1	0	0	0	0	1	0	1	0	1	0	0	1	1	1
529	21	0	1	1	1	0	1	1	0	1	1	1	0	1	0	0	1	1	0	1	1	0	1	0	1
530	19	0	0	0	1	0	0	0	1	0	0	1	1	1	0	0	0	1	1	0	0	0	0	1	0
531	21	0	1	1	1	0	1	0	1	0	1	0	1	1	0	1	0	1	0	1	1	0	1	1	1
532	21	0	0	1	0	0	0	0	0	0	0	1	0	1	1	1	0	0	0	1	0	0	0	1	1
533	21	0	0	0	1	0	1	0	1	0	0	0	0	1	0	1	0	1	0	1	1	0	1	1	1
534	21	0	1	1	1	0	1	0	0	0	0	0	0	0	0	1	0	1	0	1	0	0	1	1	1
535	19	0	0	0	1	0	1	0	1	1	1	0	0	1	0	1	1	1	1	1	1	1	1	1	1
536	20	0	0	0	1	0	1	1	0	0	1	1	0	0	0	0	0	1	1	0	1	0	1	0	1
537	19	0	1	1	1	1	1	1	0	0	1	1	0	1	0	1	0	1	0	1	1	0	0	1	1
538	21	0	0	0	1	0	0	0	1	1	1	1	0	0	0	0	0	1	0	1	1	0	1	1	0
539	22	0	1	1	1	1	1	1	0	0	1	1	1	0	0	1	1	1	1	1	0	1	1	1	1
540	21	0	0	1	1	0	0	0	1	0	0	1	1	1	0	0	0	1	1	1	0	1	1	1	1
541	21	0	1	0	1	0	1	1	1	0	0	1	0	1	1	1	0	1	1	1	0	0	1	1	1
542	21	0	0	0	0	0	0	0	0	1	0	0	0	0	0	0	0	0	0	0	0	0	1	1	1
543	21	0	1	0	1	0	0	0	1	0	0	1	0	0	1	1	0	0	0	0	0	0	0	1	1
231	40	0	1	1	1	0	0	0	1	1	1	0	1	1	0	1	0	0	1	1	1	0	1	1	1
154	NA	0	1	0	1	0	1	1	1	0	1	1	0	1	1	1	0	1	0	1	1	1	1	1	1
155	NA	0	0	0	0	0	1	0	0	1	1	1	1	0	0	1	0	1	1	1	1	0	0	1	0
156	NA	0	1	1	1	0	0	0	1	0	1	1	0	1	0	1	0	0	0	0	1	0	0	1	1
232	30	0	1	0	0	1	1	0	0	0	0	1	0	0	0	1	1	NA	1	0	0	1	1	1	1
157	18	0	0	0	0	0	0	0	0	0	0	0	0	0	0	0	0	0	0	0	0	0	0	1	1
158	NA	0	1	1	1	1	1	1	1	0	1	1	1	1	1	1	1	1	1	1	NA	1	1	1	1
159	NA	0	1	1	1	1	1	1	1	1	1	1	0	1	1	1	0	1	1	1	0	0	1	1	1
160	NA	0	1	1	1	1	1	0	1	0	1	1	0	1	0	1	0	1	1	1	1	1	1	1	1
233	NA	0	1	1	1	0	1	1	1	0	1	1	0	1	1	1	0	1	1	1	0	1	1	1	1
161	22	0	1	1	1	1	1	1	1	1	1	1	1	0	1	1	1	1	1	1	1	1	1	1	1
162	40	0	1	1	1	1	1	1	1	1	1	1	1	1	1	1	1	1	0	1	1	1	1	0	1
116	40	0	0	1	1	0	0	1	0	0	1	1	1	0	0	1	1	1	1	1	0	1	1	1	1
164	NA	0	1	1	1	0	1	1	1	1	1	1	1	1	1	1	0	1	1	1	1	1	1	1	1
234	48	0	1	1	1	0	0	0	0	0	0	0	NA	0	0	0	0	0	1	1	0	0	1	0	1
165	NA	0	1	0	1	0	0	0	0	0	0	0	0	0	0	1	0	0	0	1	0	0	0	1	1
235	NA	0	1	0	1	1	1	1	1	1	1	1	1	0	NA	1	1	1	0	1	0	1	0	1	1
166	NA	0	1	1	0	0	1	1	0	1	1	0	0	0	0	0	0	0	0	1	1	0	1	1	1
211	NA	0	0	0	1	0	0	0	NA	0	1	1	0	0	0	0	0	1	0	0	0	0	1	0	1
167	NA	0	1	1	1	0	1	1	0	1	1	1	1	0	0	1	0	0	1	1	0	1	1	1	1
168	43	0	1	1	1	0	1	1	1	1	1	1	1	1	1	1	0	1	0	1	1	1	1	1	1
169	NA	0	1	1	1	1	1	1	1	1	1	1	1	1	1	1	1	1	1	1	1	1	1	1	1
170	NA	0	1	1	0	0	0	0	0	0	0	0	0	0	1	1	0	0	1	0	0	1	1	1	1
171	38	0	1	1	1	1	0	0	0	0	1	0	0	0	1	0	0	0	0	1	0	0	0	1	1
230	46	0	0	0	0	1	0	0	0	0	0	0	0	1	0	0	0	1	0	0	0	0	0	1	0
172	NA	0	0	1	1	0	NA	NA	1	1	NA	NA	NA	1	0	0	0	NA	1	1	1	NA	NA	1	1
173	NA	0	1	1	1	NA	1	1	1	0	1	1	NA	0	1	1	1	0	1	1	1	1	1	0	1
174	NA	0	1	1	0	1	1	1	0	1	0	0	1	1	1	1	1	0	0	0	1	0	1	1	1
136	27	0	1	0	1	1	1	0	0	1	0	1	0	1	1	0	0	0	1	0	0	0	1	0	1
201	NA	0	0	0	0	0	1	0	0	0	0	1	0	0	0	0	0	0	1	1	0	0	0	0	1
137	NA	0	1	1	1	1	1	1	1	1	1	0	0	1	0	1	0	1	1	1	1	0	1	1	1
138	NA	0	1	1	1	1	1	1	1	1	1	1	1	1	1	1	1	1	0	1	1	1	1	1	1
101	NA	0	1	1	1	0	1	1	1	1	1	1	1	1	1	1	0	1	0	1	1	1	1	1	1
139	22	0	1	0	1	1	1	0	1	0	1	1	1	1	1	1	0	0	0	1	1	0	1	1	0
141	NA	0	1	1	1	0	1	1	1	1	1	1	0	0	0	1	0	0	0	1	0	0	1	1	1
102	28	0	1	1	1	1	1	1	0	1	1	1	1	1	1	1	1	0	1	1	1	1	1	0	1
103	NA	0	0	0	1	0	0	0	1	0	1	1	0	1	0	0	1	0	0	0	0	0	0	1	1
149	NA	0	1	1	1	0	1	0	0	1	1	1	0	1	1	1	0	1	1	0	0	0	1	1	1
202	85	0	0	1	1	1	1	0	0	0	1	0	0	0	0	0	0	0	0	0	0	0	0	0	1
104	NA	0	1	1	1	1	1	1	1	1	1	1	1	1	1	1	1	1	1	1	1	1	1	1	1
219	20	0	1	1	1	0	0	1	0	0	1	0	1	1	0	0	0	1	0	1	1	0	1	1	1
220	17	0	1	1	1	1	0	1	1	1	1	1	1	1	1	1	0	1	0	0	1	0	0	1	1
105	NA	0	1	0	0	0	1	0	0	0	0	0	0	1	0	0	0	0	1	0	0	0	0	1	1
203	NA	0	0	0	1	0	0	0	0	1	0	1	1	0	0	1	0	0	0	0	0	0	0	1	0
142	NA	0	1	1	1	1	1	0	1	0	1	0	0	0	0	1	0	0	1	1	1	0	1	1	1
150	80	0	0	1	0	0	0	0	0	0	1	0	0	0	0	0	0	0	1	0	0	0	0	0	1
107	NA	0	1	1	1	1	1	1	1	1	1	1	1	0	1	1	1	0	0	1	1	1	1	1	1
108	23	0	1	1	1	0	1	1	1	1	1	1	0	1	1	1	0	1	1	1	1	1	1	1	1
151	39	0	1	1	1	1	1	1	1	0	1	1	0	0	1	1	0	1	1	1	0	0	1	1	1
204	NA	0	0	0	0	0	0	0	0	0	0	0	0	1	0	1	0	0	0	0	0	0	0	1	1
143	33	0	1	1	1	1	1	1	1	0	0	1	0	0	0	1	1	1	0	1	0	1	1	1	1
221	19	0	1	1	1	1	1	1	1	0	1	0	1	1	0	1	0	1	1	1	1	0	1	1	1
109	21	0	1	1	1	0	0	0	0	0	1	0	1	0	0	1	0	0	0	0	0	0	0	1	1
222	NA	0	0	0	0	0	0	0	0	0	0	0	0	0	0	0	0	0	0	0	0	0	0	0	1
223	NA	0	1	0	1	0	1	0	0	1	1	1	1	1	0	0	0	1	1	1	0	1	1	1	1
110	41	0	1	0	0	0	0	0	0	0	1	0	0	0	0	1	0	0	0	0	0	1	0	1	0
144	18	0	1	1	1	1	1	1	1	1	1	1	1	0	1	1	1	1	1	1	1	1	1	1	1
205	39	0	0	0	1	0	1	0	0	0	1	1	1	1	0	1	0	1	0	1	1	0	1	1	1
206	38	0	0	0	0	0	0	0	0	0	0	0	1	0	0	0	0	0	0	0	0	0	0	1	1
224	41	0	1	1	1	1	1	1	1	0	1	1	1	1	1	1	0	1	0	1	1	1	1	1	1
111	NA	0	1	1	1	1	1	1	1	0	1	1	NA	1	1	1	1	1	1	0	0	1	1	1	1
207	NA	0	1	1	1	0	1	1	0	1	1	1	0	1	0	1	1	1	1	1	1	1	1	1	1
112	NA	0	1	1	1	1	1	1	1	0	0	0	0	0	0	1	0	1	1	0	1	1	1	1	1
113	NA	0	1	1	1	0	1	0	1	0	1	1	0	1	1	1	0	1	0	1	1	1	1	1	1
208	NA	0	0	0	1	0	1	0	0	0	0	0	0	1	0	0	0	1	0	1	0	0	1	0	0
114	NA	0	0	0	0	0	0	0	0	0	0	0	0	0	0	1	0	1	0	1	1	1	0	1	0
115	NA	0	1	1	1	0	1	0	0	0	0	0	0	0	0	0	0	1	0	0	0	0	1	1	1
521	88	0	1	1	1	0	0	0	0	0	0	0	0	0	0	1	1	1	1	1	0	1	0	1	0
116	40	0	0	1	1	0	0	1	0	0	1	1	1	0	0	1	1	1	1	1	0	1	1	1	1
117	28	0	1	1	1	0	1	0	1	0	1	0	1	1	0	1	0	1	1	1	0	1	1	1	0
118	NA	0	0	0	0	0	0	0	0	0	1	0	1	1	0	1	0	0	0	0	0	0	0	1	1
120	NA	0	1	1	1	1	1	1	1	0	1	1	0	1	0	1	1	1	1	1	0	1	1	1	1
121	NA	0	1	1	1	1	1	0	1	0	1	1	1	1	1	1	0	1	0	1	0	0	1	1	1
209	NA	0	0	0	0	0	0	0	0	0	0	0	0	0	0	0	0	0	0	0	0	0	0	1	1
225	32	0	0	0	1	0	1	1	0	0	0	0	1	1	0	0	0	0	0	0	0	1	1	1	1
122	NA	0	0	0	0	0	0	0	1	1	0	0	1	0	0	0	0	1	0	1	0	0	0	1	1
210	44	0	0	1	1	0	0	0	0	1	0	0	0	0	0	0	0	0	0	1	1	0	1	1	1
226	NA	0	1	1	1	1	1	1	1	1	1	1	1	1	1	1	1	1	1	1	1	1	1	1	1
123	NA	0	1	1	1	1	1	0	1	1	1	1	1	0	0	1	0	0	0	1	0	0	1	1	1
145	NA	0	1	0	1	0	1	1	1	0	1	1	0	1	0	1	0	1	1	0	0	1	1	1	1
106	42	0	0	1	1	0	1	0	1	0	1	0	0	0	0	0	0	0	0	1	0	0	0	1	1
211	34	0	0	0	1	0	0	0	NA	0	1	1	0	0	0	0	0	1	0	0	0	0	1	0	1
212	40	0	1	1	0	0	0	0	0	0	1	0	0	1	1	1	0	0	1	0	0	0	0	1	1
146	38	0	1	1	1	0	1	1	1	1	1	1	0	1	1	1	1	1	0	1	1	1	1	1	1
124	NA	0	1	1	1	1	1	1	1	1	1	1	1	1	1	1	0	1	0	1	1	1	1	1	1
125	48	0	1	1	1	0	1	0	0	0	0	0	0	0	0	1	0	0	1	1	0	0	1	1	1
227	NA	0	1	1	1	1	1	0	0	0	0	0	0	0	0	1	0	0	0	0	0	0	1	1	1
152	NA	0	1	1	1	1	1	1	1	0	0	1	0	1	0	1	0	1	0	1	0	0	1	1	1
126	33	0	1	1	1	0	1	1	1	0	1	1	0	0	0	1	1	0	0	1	0	0	1	1	1
127	NA	0	1	1	1	1	1	1	1	1	1	1	1	0	1	1	1	1	1	1	1	1	1	1	1
213	NA	0	0	0	1	0	0	0	0	0	0	0	0	1	0	1	0	0	0	0	0	0	0	1	1
147	36	0	1	1	1	0	1	1	1	1	1	1	0	1	1	1	0	1	0	1	1	1	1	1	1
228	NA	0	0	1	1	0	1	0	1	0	1	0	0	0	1	0	0	1	1	1	0	0	1	1	1
128	NA	0	1	1	1	1	1	1	1	0	1	1	1	1	0	1	1	1	1	1	0	1	1	1	1
129	23	0	0	0	1	0	0	0	0	0	0	0	NA	0	0	0	0	1	1	0	0	0	0	0	1
130	32	0	1	1	1	1	1	1	1	1	1	1	1	1	0	1	1	1	1	1	1	1	1	1	1
131	41	0	0	0	1	1	0	0	0	0	1	1	0	0	0	0	0	1	1	0	0	1	0	0	1
214	29	0	1	1	1	0	1	0	1	0	1	0	1	1	0	1	0	1	1	1	0	0	1	1	0
132	NA	0	1	1	1	1	0	1	1	1	1	0	1	1	1	1	1	1	1	1	1	1	0	1	1
153	42	0	1	1	1	1	1	1	1	1	1	1	1	1	1	1	1	1	1	1	1	1	1	1	1
229	NA	0	0	0	1	0	0	0	0	0	0	0	0	1	0	0	1	1	1	0	0	1	0	1	0
215	43	0	0	0	0	0	0	1	0	0	0	0	0	0	0	0	0	0	0	0	0	0	0	1	0
216	NA	0	1	1	1	0	1	0	1	0	1	1	0	0	0	1	1	1	0	1	0	1	1	1	1
133	NA	0	1	1	1	1	1	0	1	1	1	1	1	1	1	1	0	0	1	1	1	1	1	1	1
217	35	0	1	1	1	1	0	1	1	0	0	0	0	0	1	1	0	1	1	0	0	1	0	1	1
218	NA	0	0	0	0	0	0	0	0	0	0	0	1	0	0	1	1	1	0	1	0	1	0	1	1
134	NA	0	1	1	1	1	1	1	1	1	1	1	1	1	1	1	1	1	1	1	1	1	1	1	1
230	46	0	0	0	0	0	0	0	0	0	0	0	0	1	0	1	0	0	0	0	0	0	0	1	0
175	NA	0	1	1	1	1	1	1	1	0	1	0	0	0	1	1	0	1	0	1	1	1	1	1	1
135	NA	0	1	1	1	0	1	0	1	0	1	1	0	1	1	1	0	0	1	1	0	1	1	0	1
237	41	0	1	1	1	0	0	0	1	0	0	0	0	1	0	0	0	0	1	0	0	0	0	1	0
177	NA	0	1	0	1	0	1	1	1	0	1	0	1	1	1	1	0	1	0	1	0	0	1	1	1
179	NA	0	1	1	1	1	1	0	1	0	0	0	0	1	0	1	0	1	1	1	0	0	1	1	1
238	40	0	0	0	0	0	0	0	0	0	0	0	0	0	0	0	0	0	0	1	0	0	1	1	1
236	18	0	0	0	0	0	0	0	0	0	0	0	0	0	0	0	0	0	0	0	0	0	0	0	1
176	NA	0	1	1	1	1	1	1	1	1	1	1	1	1	1	1	0	1	1	1	1	1	1	1	1
181	NA	0	1	1	1	1	1	1	1	1	1	1	1	1	1	1	1	1	1	1	1	1	1	1	1
178	NA	0	1	1	1	1	1	1	1	1	1	1	1	0	1	1	1	1	1	1	1	1	1	0	1
239	NA	0	1	0	1	0	1	0	1	1	1	1	1	1	1	1	1	0	0	1	1	0	1	1	1
182	NA	0	1	1	1	1	1	1	1	1	1	1	1	1	1	1	1	1	1	1	1	0	1	1	1
183	NA	0	1	1	1	1	1	1	1	0	1	1	1	1	1	1	0	1	1	1	0	1	1	1	1
184	NA	0	1	1	1	0	1	0	1	1	1	0	1	0	1	1	0	0	0	0	1	0	1	1	1
1	19	0	1	1	1	0	0	0	0	0	0	0	0	0	1	1	1	1	1	1	0	1	0	1	1
2	19	0	0	0	1	0	0	0	0	0	0	1	0	1	0	0	0	0	0	0	0	0	0	0	1
3	89	0	1	0	1	0	1	0	0	0	0	0	0	0	0	1	0	0	0	1	0	1	0	1	1
4	19	0	1	1	1	1	1	1	1	0	1	1	0	1	0	1	1	1	0	1	0	1	1	1	1
5	19	0	1	1	1	0	1	1	1	1	1	1	1	1	1	1	1	0	0	1	1	1	1	1	1
6	19	0	1	1	1	1	1	1	0	1	1	1	1	1	1	1	1	1	1	1	1	1	1	1	1
7	19	0	1	1	1	0	1	1	1	1	1	1	1	1	0	1	0	1	1	1	1	1	1	1	1
8	76	0	1	1	1	0	1	1	0	1	1	1	1	1	0	1	1	1	0	1	1	1	1	1	1
9	NA	0	0	1	1	0	1	1	0	0	1	0	0	0	0	0	1	1	0	1	0	0	1	1	1
10	19	0	1	0	1	1	1	0	0	0	1	1	0	1	1	0	0	1	0	1	0	1	1	0	1
11	21	0	1	1	1	0	1	1	0	0	1	1	0	1	0	1	1	0	0	1	0	0	1	1	1
12	NA	0	0	0	0	0	0	0	0	0	0	0	0	1	0	0	0	0	0	0	0	0	0	0	0
13	NA	0	0	0	1	0	1	1	0	1	1	1	0	1	0	1	1	0	1	0	0	1	1	1	1
14	19	0	1	1	1	0	1	0	0	0	1	0	0	0	0	0	0	1	1	1	0	1	1	1	1
15	19	0	1	1	1	1	0	1	1	1	1	1	0	1	0	1	0	0	1	1	1	0	1	1	1
16	19	0	0	1	1	0	0	0	0	0	0	0	0	0	0	1	0	0	1	1	0	0	1	1	1
17	19	0	1	0	1	1	1	1	0	0	1	1	0	0	0	1	1	0	1	1	0	1	1	1	1
18	NA	0	1	1	1	1	0	1	1	1	1	1	0	1	0	1	1	0	1	1	1	1	0	1	1
19	19	0	1	0	1	1	1	1	0	0	1	1	0	1	0	1	0	1	1	1	1	0	1	1	1
20	19	0	1	1	1	0	1	1	1	0	1	0	0	1	1	1	1	0	0	1	1	1	0	1	0
21	21	0	1	1	1	1	1	0	1	1	0	1	0	0	0	0	1	1	1	1	1	0	0	1	1
22	19	0	1	0	1	0	0	0	0	0	1	0	0	1	0	1	0	1	0	1	0	0	1	1	1
23	19	0	1	1	1	1	1	1	1	1	1	1	1	1	0	1	1	0	1	0	1	0	1	1	1
24	19	0	1	1	1	0	1	0	1	1	0	1	0	1	0	0	0	1	0	1	1	1	1	1	1
25	20	0	1	1	1	1	0	0	1	0	1	1	1	1	1	1	0	1	1	1	1	1	1	1	1
26	NA	0	1	1	1	1	1	1	0	0	1	1	1	0	0	1	0	0	1	1	0	0	0	1	1
27	19	0	1	1	1	1	1	1	0	0	1	0	1	0	0	1	1	0	1	1	1	0	1	1	1
28	19	0	0	0	1	0	0	0	0	0	0	1	0	1	0	0	0	1	0	1	0	0	1	1	1
29	19	0	0	0	1	0	1	0	0	0	0	0	0	0	0	1	0	1	1	1	1	0	1	1	1
30	19	0	1	0	1	0	1	0	0	0	0	0	0	0	0	1	0	1	0	1	1	0	1	1	1
31	20	0	0	1	1	0	0	0	1	0	1	1	0	0	0	0	0	0	1	1	0	0	1	1	1
32	89	0	0	1	1	0	1	0	1	0	1	1	0	1	0	1	0	1	0	1	0	0	1	1	1
33	19	0	1	1	1	0	1	1	1	0	1	1	1	1	1	1	1	0	0	1	1	0	0	1	1
34	NA	0	1	1	1	0	1	0	1	0	1	1	0	1	1	1	0	1	0	1	0	0	1	1	1
35	20	0	1	1	1	0	1	1	1	1	1	1	0	1	1	1	0	1	1	1	0	1	1	1	1
36	NA	0	1	1	1	0	1	1	1	1	1	1	1	1	1	0	0	1	0	1	1	1	1	1	1
37	19	0	0	0	1	0	0	0	0	0	0	0	0	1	0	1	0	1	1	1	0	0	0	1	1
38	NA	0	1	1	1	0	1	1	0	0	1	1	0	0	1	1	1	0	1	1	0	1	1	1	1
39	19	0	1	1	1	0	1	1	1	0	0	1	0	1	0	1	0	1	0	0	0	1	1	1	1
40	NA	0	1	1	1	1	1	1	0	0	0	0	0	1	0	1	0	1	1	1	0	1	1	1	1
41	NA	0	1	1	1	0	1	1	0	0	0	0	0	1	0	1	0	0	1	1	1	1	1	1	1
42	NA	0	1	1	1	0	1	1	0	1	1	0	0	1	0	1	0	1	0	1	1	1	1	1	1
43	19	0	1	1	1	0	1	0	0	0	1	1	1	1	0	0	0	0	0	1	0	0	0	1	1
44	22	0	1	1	1	0	0	0	0	0	1	0	0	1	1	1	0	1	1	1	0	1	1	1	0
45	NA	0	1	1	1	1	1	1	1	1	1	1	1	1	1	1	1	1	1	1	1	0	1	1	1
46	22	0	1	1	1	0	0	0	0	0	0	0	0	0	0	0	0	0	1	1	0	0	1	1	0
47	19	0	1	1	1	1	1	1	1	1	1	1	1	1	1	1	0	1	1	1	1	1	1	1	1
48	19	0	1	1	1	1	1	0	0	0	0	1	0	0	0	0	0	1	0	0	1	1	0	1	1
49	NA	0	1	1	1	0	0	1	1	0	1	1	0	1	0	1	1	1	1	1	0	0	0	1	1
50	19	0	1	1	1	0	1	1	1	1	1	1	0	1	0	1	0	1	1	1	1	0	1	1	1
51	19	0	0	1	1	0	1	0	0	1	1	0	0	0	1	1	0	0	0	0	0	0	1	1	1
52	24	0	1	1	1	0	1	1	1	0	1	0	0	1	0	1	0	1	0	1	1	1	1	1	1
53	19	0	0	0	1	0	1	0	0	0	0	0	1	0	0	0	0	1	0	0	0	0	1	1	1
54	19	0	1	1	1	1	1	1	0	0	1	1	0	0	0	1	1	1	1	1	0	1	1	1	1
55	NA	0	1	1	1	0	1	1	0	0	1	1	0	1	0	1	0	1	1	1	1	1	1	1	1
56	84	0	1	1	1	1	1	1	1	1	1	1	1	1	0	1	1	1	1	1	1	1	1	1	1
57	19	0	1	1	1	0	1	1	1	1	1	1	0	1	1	1	0	1	0	1	1	0	0	1	1
58	19	0	0	1	1	0	1	0	0	0	1	1	0	1	0	0	0	1	1	1	0	0	1	0	1
59	NA	0	1	1	1	1	1	1	1	1	1	1	1	1	1	1	1	1	1	1	1	1	1	1	1
60	NA	0	0	0	1	0	NA	1	0	0	0	1	1	0	1	0	1	0	1	0	1	1	1	1	0
61	19	0	0	1	1	0	1	0	0	0	1	1	0	1	0	0	0	0	1	1	0	0	0	1	1
62	19	0	0	0	1	0	0	0	0	0	1	1	0	1	0	0	0	1	0	1	0	0	1	0	1
63	21	0	1	1	1	1	1	1	1	1	1	1	1	1	1	1	1	1	1	1	1	1	1	0	1
64	NA	0	1	1	1	0	1	1	1	1	1	1	0	1	0	1	1	0	0	1	0	1	0	1	1
65	19	0	1	1	1	1	1	1	1	0	1	1	1	1	1	1	1	0	1	1	1	1	1	1	1
66	20	0	1	1	1	1	1	1	0	0	1	1	0	1	0	1	0	1	1	0	0	1	1	1	1
67	19	0	1	1	1	0	1	1	1	1	1	1	1	1	1	1	1	1	1	1	1	1	1	1	1
68	NA	0	1	1	1	0	1	1	0	0	1	1	1	1	0	1	0	1	1	1	0	1	1	1	1
69	21	0	1	1	1	1	1	1	0	0	1	0	1	1	0	1	0	1	0	1	0	0	1	1	1
70	23	0	0	1	1	1	1	1	1	0	1	0	1	1	0	1	0	0	0	1	1	1	1	1	1
71	19	0	0	1	1	1	1	1	1	0	0	0	1	1	1	0	0	1	1	1	0	1	1	1	1
72	NA	0	1	1	1	1	1	1	1	1	1	1	0	1	1	1	1	1	1	1	1	1	1	1	1
73	NA	0	0	0	1	0	1	0	1	1	1	1	0	1	0	1	0	1	0	1	1	0	1	1	0
74	19	0	1	1	1	0	1	1	1	1	1	1	1	1	1	1	1	1	1	1	0	1	0	1	1
75	NA	0	1	0	1	1	1	1	0	1	1	1	1	0	1	1	1	1	1	1	1	1	1	0	1
76	NA	0	1	1	1	0	0	1	1	0	1	0	0	1	0	1	1	0	1	1	0	1	0	1	1
77	19	0	1	1	1	0	1	1	1	1	1	1	1	1	1	1	0	1	1	1	1	1	1	1	1
78	NA	0	1	1	1	1	0	1	1	1	1	1	1	1	1	1	0	1	1	1	1	1	1	1	1
79	20	0	1	1	1	1	1	1	1	1	1	1	0	1	1	1	1	1	1	1	1	0	1	1	1
80	19	0	1	1	1	0	1	1	1	1	1	1	1	1	1	1	0	1	0	1	1	1	1	1	1
81	19	0	1	1	1	0	1	1	1	1	1	1	1	1	1	1	1	1	1	1	1	1	1	1	1
82	NA	0	1	1	1	0	1	1	0	1	1	1	1	1	1	1	1	1	1	1	1	1	1	1	1
83	19	0	1	1	1	0	0	0	0	0	0	0	0	0	0	1	1	1	1	1	0	1	0	1	1
84	21	0	1	1	1	0	1	1	0	0	0	0	0	1	0	1	1	1	1	1	0	1	1	1	1
85	21	0	1	0	1	0	1	0	1	1	1	0	0	1	0	1	0	1	1	1	0	1	1	1	1
86	20	0	1	1	1	0	1	1	1	0	1	0	0	0	0	1	1	1	1	1	0	1	1	1	1
87	19	0	1	1	1	0	0	1	0	0	1	1	1	1	0	1	0	1	1	1	0	0	1	1	1
88	20	0	1	1	1	1	0	1	1	1	1	1	0	1	0	1	1	0	1	1	1	1	1	1	1
89	19	0	1	0	0	0	1	1	0	0	0	0	0	0	0	1	0	0	0	0	0	0	0	1	1
90	19	0	1	1	1	0	1	1	0	0	0	1	0	1	0	1	0	1	0	1	1	1	1	1	1
91	19	0	1	0	1	0	1	1	0	0	1	1	1	1	1	1	0	0	0	0	0	0	1	1	1
92	19	0	1	1	1	1	1	1	1	0	0	1	0	1	1	1	0	1	1	1	0	1	1	1	1
93	19	0	1	1	1	0	1	0	1	1	1	0	1	1	0	1	1	1	0	1	0	1	1	1	1
94	31	0	1	0	1	0	1	1	1	1	1	1	0	0	0	1	0	1	0	1	0	0	1	1	1
95	19	0	1	1	1	1	1	1	0	0	1	1	0	1	0	0	1	1	0	0	0	1	1	0	1
96	19	0	1	1	1	1	1	1	1	1	1	1	1	1	0	1	0	1	1	1	1	0	0	1	1
97	20	0	0	0	1	0	1	1	1	0	1	0	0	0	0	1	0	1	0	1	0	0	1	1	1
98	20	0	1	1	1	0	1	0	1	1	1	0	0	1	1	1	1	1	1	1	1	1	1	1	1
99	19	0	0	1	1	0	0	1	0	0	1	1	0	0	0	0	0	0	0	1	0	0	0	1	1
100	20	0	1	0	1	0	1	0	1	0	1	1	0	1	0	0	0	0	0	1	0	0	1	1	1
101	19	0	1	1	1	0	1	0	0	0	0	0	0	1	1	1	0	1	0	0	0	0	1	1	1
102	20	0	1	1	0	1	0	1	0	0	1	1	0	0	0	1	0	0	1	0	0	1	0	1	1
103	19	0	1	1	1	1	1	1	0	0	1	0	0	1	1	1	0	1	1	1	1	0	0	1	1
104	NA	0	1	1	1	0	0	1	1	1	0	0	0	0	0	1	1	1	1	1	0	1	1	1	1
105	21	0	1	1	1	0	1	1	1	0	1	1	0	1	0	1	1	1	1	1	1	1	1	1	1
106	NA	0	1	0	1	0	1	0	0	0	0	0	0	0	0	1	0	1	1	1	0	0	1	1	1
107	NA	0	1	1	1	1	1	1	1	1	1	1	1	1	1	1	1	1	1	1	1	1	1	1	1
108	21	0	1	0	1	0	1	1	0	0	0	0	0	0	0	1	NA	0	1	0	0	0	1	0	1
109	NA	0	1	0	1	0	0	0	1	1	1	1	1	1	1	1	0	1	1	1	1	0	1	1	1
110	NA	0	1	1	1	1	1	0	0	0	0	1	0	1	1	1	0	1	1	0	0	0	1	1	1
111	19	0	1	1	1	1	1	1	1	1	1	1	1	1	1	1	0	1	1	1	1	1	1	1	1
112	19	0	1	1	1	0	1	1	1	0	1	1	1	1	0	0	0	1	1	1	1	1	1	1	1
113	NA	0	1	1	1	0	1	0	0	0	1	1	0	1	0	0	0	1	1	1	0	1	1	1	1
114	19	0	0	0	1	0	1	0	0	0	1	1	0	1	0	0	1	0	0	1	0	0	0	1	1
115	NA	0	1	1	0	1	0	0	0	0	1	1	1	1	0	1	0	0	0	1	1	0	0	1	1
116	20	0	1	1	1	0	1	0	1	0	0	0	1	1	0	1	0	0	0	1	1	0	0	0	1
117	19	0	1	1	1	1	0	1	1	0	1	1	1	1	1	1	0	1	1	1	0	1	1	1	1
1	19	0	1	1	1	1	1	1	1	1	1	1	1	1	0	1	0	1	0	1	1	1	1	1	1
2	19	0	1	1	1	0	1	1	0	0	1	0	1	0	0	0	1	1	0	1	1	1	1	1	1
3	19	0	0	0	0	0	0	0	0	0	0	0	0	0	0	0	0	1	0	0	0	0	1	0	1
4	19	0	0	1	0	0	0	1	0	0	1	1	0	1	1	1	1	1	1	0	0	1	0	1	1
5	19	0	1	1	0	0	1	0	0	0	0	0	0	0	0	1	1	1	0	1	0	0	0	1	1
6	19	0	1	1	1	0	1	0	1	1	1	1	0	1	0	1	0	1	0	1	1	0	1	1	1
7	19	0	1	0	1	0	1	1	1	1	1	1	1	1	0	0	0	1	0	1	1	0	1	1	1
8	21	0	1	1	0	0	1	0	0	0	0	0	0	0	0	1	0	0	1	0	0	1	0	1	1
9	19	0	1	1	1	1	1	0	1	1	1	1	1	1	0	1	0	0	1	1	0	0	1	1	1
10	19	0	1	1	0	0	1	0	0	0	0	1	0	1	0	1	0	0	1	1	0	1	1	1	1
11	20	0	1	1	0	1	0	1	0	0	0	0	0	1	0	1	0	0	0	0	0	0	0	1	1
12	18	0	0	1	1	0	1	1	1	0	1	1	0	1	0	1	0	0	0	1	0	1	0	1	1
13	20	0	0	1	1	0	1	0	0	1	1	0	1	0	0	0	0	0	1	1	0	0	1	0	1
14	19	0	1	1	1	0	1	1	1	1	1	1	1	1	1	1	1	1	0	1	1	1	1	1	1
15	20	0	1	0	1	0	1	0	0	1	1	0	1	0	0	0	0	0	1	1	0	0	1	1	1
16	19	0	1	1	0	0	0	1	1	0	0	0	0	0	0	0	0	0	0	1	0	0	0	1	1
17	20	0	0	1	0	0	0	0	0	0	0	0	0	0	0	0	0	0	0	0	0	0	0	1	1
18	20	0	1	1	1	0	1	1	1	1	1	1	0	1	0	1	0	1	1	1	1	0	1	1	1
19	20	0	1	1	1	1	1	1	0	1	1	1	1	1	1	1	0	1	1	1	1	1	1	1	1
20	19	0	1	1	1	1	1	1	1	1	1	1	1	1	1	1	1	1	1	1	1	1	1	1	1
21	22	0	0	1	1	1	1	1	1	1	1	1	1	1	1	1	1	1	1	1	1	0	0	1	1
22	19	0	1	1	1	1	1	1	1	0	1	1	1	1	0	1	1	1	1	1	1	1	1	1	1
23	NA	0	1	1	1	1	1	1	1	1	1	1	1	1	0	0	1	1	0	1	1	0	1	1	1
24	20	0	1	1	1	1	1	1	1	1	1	1	1	1	0	1	0	0	1	1	1	1	1	1	1
25	19	0	1	1	1	1	1	1	1	1	1	1	1	1	1	1	0	0	0	1	1	0	1	1	1
26	20	0	1	1	1	0	0	0	1	0	1	1	1	1	0	1	0	1	0	1	0	1	1	0	1
27	19	0	1	1	1	1	0	1	0	0	0	0	0	0	0	0	1	0	0	1	0	1	0	1	1
28	19	0	1	1	1	1	1	1	1	1	1	1	1	1	0	1	0	1	1	1	1	1	1	0	1
29	19	0	1	1	1	0	1	0	0	0	0	1	0	1	0	0	0	0	0	1	1	0	1	1	1
30	21	0	1	1	1	1	1	1	1	0	1	1	0	1	0	1	1	1	1	1	0	1	1	0	1
31	20	0	1	1	1	1	1	1	1	1	1	1	1	0	0	1	1	1	1	0	0	1	1	1	1
32	18	0	1	0	1	0	0	1	0	0	1	0	0	0	0	0	0	1	1	1	0	1	0	1	1
33	19	0	1	1	1	1	1	1	1	1	1	1	1	1	0	1	1	1	1	1	1	1	1	1	1
34	19	0	1	1	1	1	1	1	1	1	1	1	1	1	0	1	0	1	1	1	1	1	1	1	1
35	19	0	1	1	1	0	1	0	1	0	1	1	0	1	1	1	0	1	0	1	1	1	1	1	1
36	21	0	1	1	1	1	1	0	1	1	1	0	1	1	0	1	1	1	1	1	1	1	1	1	1
37	19	0	1	0	0	0	1	1	0	1	1	0	1	0	0	1	1	1	0	1	1	1	1	1	1
38	19	0	0	1	1	0	1	0	1	1	1	1	0	1	0	0	1	0	0	0	1	1	1	1	1
39	19	0	1	1	1	1	0	0	1	1	1	1	0	1	0	1	0	1	1	1	1	0	0	1	1
40	19	0	1	1	1	0	1	1	0	1	1	1	0	1	0	1	0	0	0	1	1	0	1	1	1
41	19	0	1	1	1	0	1	1	0	0	1	1	0	1	1	1	0	1	0	0	1	0	1	1	1
42	18	0	0	1	1	0	1	1	0	1	1	1	0	1	0	1	1	1	0	1	1	1	1	1	1
43	20	0	1	1	1	1	1	1	1	1	1	1	1	1	0	1	1	0	0	1	0	0	NA	NA	NA
44	20	0	1	1	1	0	1	1	1	0	1	1	0	1	1	1	0	1	1	1	0	1	1	1	1
45	19	0	1	1	1	0	0	1	0	1	1	1	0	1	1	1	0	1	1	0	1	1	0	1	1
46	20	0	1	1	1	0	1	0	1	0	1	1	0	1	0	1	1	1	1	1	0	1	1	1	1
47	NA	0	1	1	1	0	1	0	1	0	1	1	0	1	0	1	0	1	1	1	0	0	1	1	1
48	19	0	1	1	1	0	1	1	0	1	0	0	1	1	0	1	0	1	0	0	1	0	1	1	1
49	20	0	1	1	0	0	0	0	0	1	1	0	0	0	0	0	1	0	1	1	0	0	0	1	0
50	19	0	1	1	0	1	0	0	0	0	0	0	0	0	0	1	0	1	0	0	1	0	0	1	1
51	19	0	1	1	1	0	1	1	1	0	0	1	0	1	0	1	0	1	0	1	0	0	1	1	1
52	20	0	1	1	1	1	1	1	1	1	1	1	1	1	1	1	1	1	1	1	1	1	1	1	1
53	20	0	1	1	1	1	1	0	0	0	1	0	0	0	1	1	0	0	1	0	0	0	0	1	1
54	19	0	1	0	1	1	1	0	0	1	1	1	0	1	0	1	0	1	1	1	1	1	1	0	1
1	70	0	1	1	1	0	1	0	1	1	1	1	1	1	1	1	1	1	1	1	1	1	1	1	1
2	71	0	1	0	0	0	1	0	0	0	0	0	0	0	0	1	0	0	0	0	0	0	0	1	0
3	41	0	1	1	0	1	0	1	1	1	1	1	0	1	1	1	0	0	1	1	1	1	0	1	1
4	71	0	0	1	1	0	1	0	0	0	0	0	0	0	0	0	0	0	0	1	0	0	1	1	1
5	64	0	0	1	1	0	0	0	1	0	1	0	0	1	0	1	0	0	0	1	1	0	1	1	1
6	78	0	1	1	1	0	1	1	0	1	1	0	1	1	1	1	1	0	0	0	1	1	1	1	0
7	49	0	0	0	1	0	0	0	0	0	0	0	0	0	0	0	0	0	1	0	0	0	0	0	1
8	53	0	0	0	0	0	1	0	0	0	1	0	1	1	1	0	0	0	0	0	0	0	1	1	1
9	54	0	1	0	0	0	1	1	0	0	0	0	1	1	0	1	0	0	0	0	0	0	1	1	1
10	42	0	1	1	1	0	0	0	0	0	1	1	0	1	0	0	0	0	1	0	0	0	0	1	1
11	58	0	1	0	1	0	1	1	0	1	1	0	1	1	1	1	1	1	1	1	0	1	1	1	1
12	56	0	1	1	1	1	1	0	1	1	1	1	1	1	1	0	1	1	1	1	1	1	1	0	1
13	59	0	0	0	1	0	1	0	1	1	1	0	0	1	0	1	1	0	0	0	1	1	1	1	1
14	54	0	1	1	0	0	0	0	0	1	1	0	1	1	1	0	1	0	0	0	1	1	0	0	1
15	78	0	0	0	1	0	0	0	0	0	1	0	0	1	1	0	0	0	0	0	0	0	1	0	0
1	58	0	0	0	0	0	1	0	0	1	1	0	0	1	1	0	1	0	0	0	1	0	0	0	1
2	49	0	1	1	1	0	0	1	1	0	1	1	0	1	0	1	1	0	0	0	0	1	0	1	1
3	54	0	0	1	1	0	1	0	0	1	0	0	0	1	1	1	0	1	0	0	1	0	0	1	1
4	59	0	1	0	0	0	1	0	0	0	0	0	0	0	NA	1	1	1	0	0	0	1	1	0	1
5	55	0	0	1	0	1	1	1	0	NA	1	0	0	NA	0	0	0	0	0	0	0	0	0	1	0
6	52	0	1	1	1	1	1	1	0	1	1	1	0	1	1	1	1	1	1	1	1	1	1	1	1
7	42	0	0	0	1	0	0	0	0	1	1	1	0	1	1	0	0	1	0	0	1	1	1	1	1
8	62	0	1	0	0	0	0	0	0	0	0	0	0	0	0	1	0	0	0	0	0	0	1	1	0
9	45	0	1	0	0	0	1	1	0	1	0	0	0	1	0	1	0	1	1	0	0	1	1	1	1
10	35	0	0	0	1	0	1	0	0	0	1	0	0	1	0	0	0	1	0	1	0	0	1	0	1
11	77	0	1	1	1	1	0	1	0	1	1	1	1	1	0	1	1	1	0	0	1	1	1	1	1
12	67	0	0	0	0	0	0	0	0	0	0	0	0	1	0	0	0	0	0	0	0	0	0	1	1
13	49	0	1	0	0	0	1	0	0	0	0	0	0	0	0	1	0	0	0	0	0	0	1	0	1
14	54	0	NA	0	1	0	0	0	0	0	1	0	0	1	0	0	0	0	0	1	0	0	0	1	1
1	43	0	1	1	1	0	1	0	1	0	1	0	0	1	0	1	0	0	1	1	0	0	1	1	1
2	43	0	0	0	0	0	0	0	0	0	1	1	0	1	1	0	0	1	0	1	0	0	1	1	1
3	NA	0	1	1	1	0	1	0	0	1	1	0	1	1	0	1	0	0	1	1	1	0	1	0	1
4	55	0	0	0	1	1	1	1	1	1	1	1	1	1	1	1	1	1	1	1	1	1	1	1	1
5	62	0	0	0	0	0	0	1	0	0	0	0	0	0	0	0	0	0	0	0	0	0	0	0	1
6	39	0	1	1	1	0	1	0	1	0	1	1	0	0	1	1	1	0	0	1	1	1	1	1	1
7	59	0	1	1	1	0	1	1	0	1	1	1	0	1	1	1	0	1	0	1	1	1	1	0	1
9	53	0	1	0	1	0	1	0	0	0	0	0	NA	1	0	1	0	0	0	0	0	0	1	1	1
1	64	1	0	0	0	1	0	0	0	0	0	0	0	0	0	0	0	0	1	0	0	0	0	0	1
2	21	1	0	0	1	0	0	0	0	0	0	0	0	1	0	0	0	0	0	0	0	0	1	1	1
3	21	1	1	1	1	1	1	1	1	0	1	1	1	1	1	1	1	1	1	1	1	1	1	1	1
4	21	1	1	0	1	0	0	0	1	0	0	1	0	0	0	0	0	0	0	0	0	0	0	0	1
5	23	1	0	0	0	0	0	0	0	0	0	0	0	1	0	0	0	0	0	0	0	0	0	1	1
6	23	1	0	0	1	0	1	1	0	0	NA	1	0	0	0	1	0	1	0	1	0	0	0	1	1
7	21	1	1	0	1	1	1	1	1	0	0	0	0	1	0	0	0	1	0	0	0	1	1	0	1
8	21	1	0	0	1	0	1	0	0	0	0	0	0	1	0	0	0	1	0	0	0	0	0	1	1
9	NA	1	0	0	1	0	0	1	0	0	0	0	0	0	0	1	1	0	0	0	0	1	1	1	1
10	22	1	0	0	1	0	0	1	1	0	1	1	0	0	1	1	0	0	0	1	0	0	1	1	1
11	NA	1	1	0	1	0	0	0	0	0	1	0	0	1	0	0	1	0	0	1	1	0	0	1	1
12	NA	1	0	0	1	0	0	0	0	0	0	0	0	1	0	0	0	0	0	1	0	0	0	0	1
13	23	1	1	0	1	1	1	1	1	1	1	1	1	1	1	0	0	0	0	1	1	1	1	1	1
14	22	1	0	0	0	1	1	0	0	0	0	0	0	0	0	1	0	1	0	0	0	1	1	0	1
15	18	1	1	1	1	0	1	1	0	1	1	0	0	0	1	1	0	1	1	1	1	0	1	1	1
16	18	1	1	0	1	0	0	1	1	0	0	0	0	1	0	1	0	1	0	0	0	0	0	0	1
17	18	1	1	0	1	0	0	0	0	1	1	1	1	1	0	0	1	1	0	1	1	1	1	1	1
18	20	1	0	0	0	0	0	0	0	0	0	0	0	1	0	0	0	0	0	0	0	0	0	0	1
19	17	1	1	1	1	0	1	1	1	0	0	1	0	1	1	1	0	0	1	1	0	1	1	1	1
20	18	1	1	1	1	0	1	1	1	0	1	1	0	0	0	1	0	1	1	1	0	0	1	1	1
21	18	1	0	0	0	0	0	0	0	0	0	0	0	1	0	0	0	1	0	0	0	0	0	1	1
22	23	1	0	0	0	0	0	0	0	0	0	0	0	1	0	0	0	0	0	0	0	0	0	0	0
23	17	1	0	0	1	0	0	0	0	0	1	0	0	1	0	0	0	0	0	0	0	0	0	1	1
24	20	1	0	0	1	0	0	0	0	0	0	0	0	0	1	1	0	1	1	0	0	0	0	0	1
25	18	1	0	0	1	0	0	1	1	0	0	0	0	1	0	1	0	1	0	1	0	0	0	1	1
26	18	1	1	0	1	0	0	1	1	0	1	1	1	0	0	1	1	1	0	1	1	1	0	1	1
27	18	1	1	1	1	0	1	1	0	1	1	1	1	1	0	1	0	1	1	1	1	1	1	1	1
28	18	1	1	1	0	0	1	0	0	0	0	1	0	1	0	0	0	1	1	1	0	0	1	1	1
29	18	1	0	0	0	0	0	0	1	0	0	1	0	1	0	0	0	0	0	0	0	0	1	0	1
30	18	1	1	0	1	0	1	0	0	0	0	1	0	1	0	1	0	1	1	1	0	0	1	1	1
31	22	1	0	1	0	0	0	1	1	0	0	0	1	1	1	0	0	1	1	1	1	0	1	0	0
32	20	1	1	0	1	1	0	1	0	0	1	1	0	1	0	1	0	1	0	1	1	0	0	1	1
33	19	1	1	1	1	1	1	1	1	1	1	0	1	1	0	0	1	1	0	1	0	0	1	0	1
34	19	1	1	0	1	0	1	0	0	0	1	0	0	0	1	1	0	1	0	1	0	0	1	1	1
35	20	1	0	1	1	0	0	1	1	0	1	0	0	0	0	0	0	1	1	0	0	0	0	1	0
36	18	1	0	0	0	1	0	0	0	0	0	0	0	0	1	0	0	0	0	0	0	1	0	1	1
37	20	1	1	1	1	1	1	1	1	0	1	1	1	1	0	1	1	1	1	1	0	1	0	0	1
38	18	1	1	1	1	1	1	1	1	1	1	1	1	1	0	1	1	1	1	1	1	1	1	1	1
39	NA	1	0	0	1	0	1	1	0	0	0	0	0	1	0	1	0	0	0	1	0	0	1	0	0
40	41	1	0	0	0	0	0	0	0	0	0	0	0	0	0	0	1	0	1	0	0	0	0	1	1
41	27	1	0	0	1	0	1	0	0	0	0	1	0	1	0	0	0	0	0	0	0	0	1	0	1
42	56	1	1	1	0	0	0	0	0	0	0	0	0	1	0	0	0	0	0	1	0	1	0	1	1
43	38	1	1	1	1	1	1	1	1	1	1	0	1	1	1	1	1	0	0	1	1	1	1	1	1
44	31	1	0	1	1	0	1	0	1	1	1	1	1	1	1	1	1	1	1	1	1	1	1	1	1
45	NA	1	1	1	1	1	1	1	1	1	0	1	0	1	1	1	1	1	1	1	1	1	1	1	1
46	27	1	1	1	1	0	1	1	1	1	1	1	1	1	0	1	0	0	1	1	1	1	1	1	1
47	21	1	1	1	1	1	1	1	1	0	1	1	0	0	1	1	1	0	1	1	1	1	0	1	1
48	22	1	0	0	1	0	1	0	1	0	0	0	0	1	0	0	1	1	1	1	0	1	1	1	1
49	21	1	0	0	1	0	0	0	1	0	1	0	0	1	0	1	0	1	1	1	0	0	1	1	1
50	25	1	1	0	1	0	0	1	0	0	0	0	0	1	0	0	0	1	1	0	0	0	0	1	1
51	21	1	1	0	1	0	0	1	1	0	0	1	0	1	0	1	0	0	0	0	0	0	0	1	1
52	21	1	1	0	0	0	0	1	0	0	1	1	0	1	0	0	0	1	0	0	0	1	0	1	1
53	21	1	1	0	0	0	0	0	0	0	0	0	0	0	0	1	0	1	0	0	0	0	0	1	0
54	18	1	0	0	1	0	0	1	0	0	0	0	0	1	0	1	0	1	0	0	0	0	0	0	1
55	18	1	1	1	0	0	1	1	1	0	1	0	0	1	0	1	0	0	1	0	0	0	0	1	1
56	18	1	1	1	1	1	1	1	1	1	1	1	1	1	0	1	1	1	1	1	1	1	0	1	1
57	18	1	0	1	1	0	1	1	1	1	1	1	1	0	1	1	0	1	1	1	1	1	1	1	1
58	18	1	1	0	1	0	1	1	0	0	1	1	0	1	0	1	0	1	0	0	0	0	0	0	1
59	19	1	0	0	0	0	0	0	0	0	0	0	0	1	0	0	0	1	0	0	0	0	1	0	1
60	18	1	1	0	1	0	1	0	1	0	1	1	0	1	0	1	0	1	1	1	1	0	1	1	1
61	18	1	1	0	1	1	0	1	0	0	0	1	0	1	1	1	0	1	0	0	0	0	0	1	1
62	18	1	1	1	0	0	0	1	0	0	0	0	0	1	0	1	0	1	1	0	0	0	0	0	1
63	18	1	1	0	1	0	0	0	0	0	1	1	0	0	0	0	1	1	1	1	0	0	0	0	1
64	21	1	1	0	1	1	1	0	0	1	0	1	1	1	0	1	1	1	1	1	1	1	1	1	1
65	18	1	0	1	1	0	1	1	0	1	1	0	0	0	0	1	1	1	0	0	1	0	1	1	1
66	19	1	1	1	1	1	0	0	0	0	0	0	0	1	0	1	0	1	0	0	1	0	0	1	1
67	17	1	1	0	0	1	0	0	1	0	0	1	0	1	0	0	0	1	0	1	0	0	1	1	1
68	18	1	0	0	0	0	1	0	0	1	1	1	0	0	0	0	0	1	0	0	1	0	1	1	1
69	20	1	0	0	1	1	0	0	1	0	0	1	0	0	0	1	0	0	0	0	0	0	0	1	1
70	18	1	1	0	1	1	1	1	1	0	1	1	0	1	0	0	1	0	0	1	0	1	1	0	1
71	18	1	1	1	1	1	0	1	1	0	0	0	0	0	0	1	1	0	1	0	0	1	0	1	1
72	24	1	1	0	0	1	0	1	0	0	0	0	1	1	1	1	0	0	1	0	0	1	0	1	1
73	18	1	1	0	1	1	1	0	1	0	1	1	0	1	0	1	0	0	0	0	0	1	1	1	1
74	20	1	0	0	1	0	1	0	0	0	0	1	0	1	0	0	0	1	0	0	0	0	0	0	1
75	17	1	1	1	1	1	0	0	0	0	1	0	0	1	0	1	0	1	1	1	0	0	0	1	1
76	18	1	0	0	1	0	0	0	0	0	1	0	1	0	1	0	0	0	0	1	0	0	0	1	1
77	19	1	0	0	1	0	0	1	1	0	1	0	0	1	0	0	0	1	1	1	0	0	0	1	1
78	22	1	0	1	0	0	1	0	1	0	0	0	0	0	0	0	0	0	0	1	0	0	1	0	0
79	17	1	1	0	1	0	0	1	0	0	0	1	0	1	0	0	1	1	1	0	0	0	0	1	1
80	18	1	0	0	0	0	0	0	0	0	0	0	0	1	0	1	0	1	0	0	0	0	0	1	1
81	19	1	0	0	1	0	0	0	1	0	0	0	0	0	1	1	1	0	1	0	0	1	0	1	0
82	18	1	1	1	0	0	0	1	0	0	0	1	0	1	0	1	0	0	1	1	0	1	1	1	1
83	19	1	1	0	0	1	0	1	1	0	0	1	0	0	0	0	0	1	0	0	0	0	1	0	1
84	19	1	1	0	1	1	0	1	1	0	1	0	0	0	1	1	0	0	0	0	0	0	0	1	1
85	19	1	0	0	1	0	1	1	0	0	0	1	0	1	1	1	0	1	1	1	0	0	1	1	1
86	18	1	0	0	1	1	0	1	0	1	0	0	0	1	0	1	0	0	1	0	1	0	0	1	0
87	18	1	1	1	1	1	1	1	0	1	1	0	1	0	1	1	0	1	0	1	1	0	1	1	1
88	18	1	1	0	1	1	0	0	0	0	0	0	0	1	0	0	0	1	0	0	0	0	0	1	0
89	18	1	0	1	0	1	0	0	0	0	0	0	1	0	0	1	0	1	0	0	0	0	0	1	1
90	18	1	1	1	1	0	0	1	1	0	0	1	0	0	0	1	1	1	1	1	0	1	0	1	1
91	22	1	1	1	1	0	1	1	0	0	1	1	0	1	0	1	0	1	0	1	0	0	0	1	1
92	NA	1	0	0	0	0	0	0	0	1	1	1	0	1	0	1	0	1	0	1	0	0	0	1	0
93	19	1	0	0	0	0	0	0	1	1	0	0	1	1	0	1	0	0	1	0	0	0	0	1	1
94	NA	1	1	1	1	0	1	0	1	1	1	1	0	0	0	1	0	1	1	0	0	0	1	1	0
95	18	1	0	1	1	0	1	0	0	0	0	1	0	1	0	1	0	0	1	1	0	0	0	1	1
96	18	1	0	1	1	0	0	0	0	0	0	0	0	0	0	1	0	1	0	0	0	0	0	1	1
97	18	1	1	1	1	1	1	1	1	1	1	1	1	1	1	1	1	1	1	1	1	1	1	1	1
98	NA	1	1	0	1	0	1	1	1	0	1	1	0	1	0	1	0	0	0	1	0	0	1	1	1
99	18	1	1	0	0	1	0	1	0	0	0	0	0	0	0	1	0	1	0	0	0	0	0	0	1
100	17	1	1	1	1	0	1	1	1	1	1	1	1	1	0	0	0	1	1	1	1	0	1	1	1
101	19	1	0	0	1	0	0	0	1	0	0	1	0	1	0	0	0	1	0	1	0	0	1	0	1
102	23	1	0	0	1	0	0	0	0	0	0	0	0	0	1	1	0	1	0	0	0	0	0	1	1
103	19	1	0	0	0	0	0	0	1	0	0	0	0	1	1	0	0	0	1	0	0	0	0	1	1
104	20	1	1	0	1	1	1	1	1	0	1	1	1	1	0	1	0	1	0	1	0	0	1	1	1
105	NA	1	1	1	1	1	1	1	1	0	1	0	1	1	1	1	1	1	1	1	0	1	0	1	0
106	18	1	1	0	1	0	1	1	0	1	1	1	0	1	0	1	0	1	0	1	1	0	0	1	0
107	18	1	1	0	1	1	0	1	1	0	0	1	0	1	0	0	0	0	0	0	0	0	0	1	1
108	17	1	1	0	1	0	1	1	0	0	1	1	0	1	0	1	0	1	0	1	0	0	0	1	1
109	18	1	1	0	1	1	1	1	1	0	0	1	1	0	0	0	0	0	0	1	0	0	0	1	1
110	19	1	1	0	1	1	1	0	0	0	0	0	0	1	0	0	0	0	1	0	0	0	1	0	1
111	20	1	0	1	0	0	0	0	0	0	0	0	0	1	0	0	1	1	1	1	0	0	1	1	1
112	18	1	1	0	0	0	0	0	0	0	0	1	0	0	0	1	0	0	0	0	0	0	0	0	1
113	19	1	0	0	1	0	1	0	1	0	0	1	0	0	0	1	0	1	1	1	0	1	0	0	1
114	28	1	1	1	1	0	0	0	0	0	0	1	0	1	1	0	0	0	0	1	0	0	0	1	1
115	29	1	1	0	1	1	1	1	1	1	1	0	1	1	1	0	0	1	1	1	0	0	1	1	1
116	40	1	1	0	1	0	1	1	0	1	1	0	0	1	0	1	0	0	0	0	0	0	1	1	0
117	28	1	1	0	1	0	1	0	1	0	0	0	0	1	1	0	1	0	1	0	0	1	1	1	1
118	58	1	1	1	1	0	1	1	1	0	1	0	0	1	0	0	0	0	1	1	0	0	1	1	1
119	87	1	1	1	1	0	1	1	1	0	1	0	0	0	0	1	1	0	1	1	0	1	1	1	1
120	21	1	1	0	1	0	1	1	1	1	1	1	1	0	0	0	0	1	0	1	1	1	1	1	1
121	54	1	1	1	1	0	0	1	0	0	0	0	0	0	0	1	0	0	0	0	0	0	1	1	1
122	42	1	0	0	0	0	1	0	1	0	0	0	0	0	0	0	0	0	1	0	0	0	0	1	1
123	69	1	0	0	0	0	0	0	0	0	0	0	0	0	0	0	0	1	0	1	0	1	0	1	1
124	53	1	1	0	1	0	1	1	0	1	1	0	0	1	1	1	0	0	0	0	0	1	0	1	0
125	45	1	0	0	0	0	1	0	1	0	0	0	0	0	0	0	0	0	1	0	0	0	1	1	1
126	53	1	0	0	0	0	1	1	0	0	0	0	0	0	0	0	0	0	0	0	0	0	0	0	1
127	43	1	0	1	0	0	0	0	0	0	0	0	1	0	0	1	0	0	0	0	0	0	1	0	1
128	49	1	1	1	1	1	1	0	0	0	1	0	0	0	0	0	0	1	1	0	0	0	1	0	1
129	75	1	0	0	0	0	0	0	0	0	0	1	0	1	1	0	0	0	0	0	0	0	0	0	1
130	37	1	1	0	0	1	1	0	0	1	1	0	0	1	0	1	0	1	0	0	0	0	1	1	1
131	NA	1	1	1	0	0	1	0	0	0	0	0	0	0	1	1	1	0	0	0	0	0	1	1	1
132	44	1	0	0	1	0	1	0	0	0	1	0	0	0	0	0	0	0	0	1	0	0	1	1	1
133	61	1	0	0	1	0	1	0	0	0	1	0	0	0	0	0	0	0	0	0	0	0	1	0	1
134	45	1	1	1	1	0	1	1	1	0	1	0	0	1	0	1	1	1	1	1	1	1	1	1	1
135	59	1	0	1	0	0	1	0	0	0	1	0	0	1	1	0	0	0	0	1	0	1	1	1	1
136	19	1	0	0	0	0	0	0	0	0	0	0	0	1	1	1	0	1	0	0	0	0	0	1	1
137	39	1	0	0	1	1	1	1	0	1	1	0	1	0	1	0	0	0	1	1	1	0	1	1	1
138	35	1	1	0	0	0	0	1	1	0	0	0	0	1	0	1	1	0	0	1	0	1	1	1	1
139	34	1	1	0	1	0	0	1	0	0	0	0	0	1	0	1	0	1	1	0	0	1	0	1	1
140	48	1	0	0	1	0	1	1	1	0	1	1	1	1	0	1	0	0	0	1	1	0	1	1	1
141	31	1	1	0	1	0	1	0	1	1	1	0	1	1	0	0	0	1	0	1	0	1	1	0	1
142	69	1	1	1	1	0	1	0	0	0	1	1	0	0	1	1	0	1	1	1	1	1	1	1	1
143	45	1	1	0	1	0	0	1	0	0	1	0	0	0	1	1	0	0	1	0	0	1	0	1	1
144	46	1	0	0	0	0	0	1	0	0	0	0	0	0	0	0	0	0	1	0	0	0	0	0	0
145	23	1	0	0	1	0	0	1	1	0	1	1	0	1	0	1	1	0	0	1	0	0	0	0	1
146	20	1	1	0	1	1	0	1	1	0	0	1	0	1	0	0	0	1	0	0	0	0	0	1	1
147	21	1	0	0	0	0	0	0	0	0	0	0	0	1	0	0	0	0	0	0	0	0	0	0	1
148	22	1	1	0	1	0	1	0	0	0	1	0	0	1	0	0	0	0	0	1	1	0	0	1	1
149	NA	1	0	0	1	0	0	0	0	0	0	0	0	0	0	0	0	0	0	0	0	0	0	1	1
150	21	1	0	1	0	0	0	1	0	0	0	0	0	1	0	0	0	1	1	1	0	NA	0	1	1
151	23	1	1	1	1	1	0	1	0	0	1	1	1	0	1	1	0	0	1	0	1	0	0	1	1
152	20	1	1	1	1	1	0	1	1	0	0	0	1	1	1	1	1	1	1	1	1	1	0	1	1
153	20	1	0	1	0	0	0	0	0	0	0	0	0	1	0	0	0	0	0	0	0	0	0	1	1
154	22	1	0	1	0	1	0	0	0	0	0	0	0	0	0	1	0	0	0	0	1	0	0	0	1
155	22	1	1	1	1	1	1	1	0	0	0	0	0	0	0	0	1	1	0	0	0	1	0	0	1
156	22	1	1	1	1	0	1	1	1	1	1	1	1	1	0	1	1	1	1	1	1	1	1	1	1
157	20	1	0	0	1	0	1	0	0	0	0	1	0	0	0	0	0	1	0	0	0	0	0	1	1
158	21	1	1	1	0	0	0	0	0	0	1	0	0	0	0	1	0	0	1	1	0	0	1	1	1
159	20	1	1	0	1	0	0	0	0	0	0	0	0	0	0	0	0	1	0	0	0	0	0	1	1
160	20	1	1	1	1	1	1	1	1	0	1	1	1	1	1	1	1	1	0	0	1	1	1	1	1
161	23	1	1	0	1	0	0	1	0	0	0	0	0	1	0	1	0	0	0	0	1	0	0	1	1
162	26	1	0	0	1	0	0	0	0	1	1	1	1	1	0	0	1	1	0	1	0	1	0	1	1
163	20	1	1	1	1	0	1	0	0	1	1	1	0	0	0	0	1	1	0	1	0	0	1	1	0
164	20	1	0	1	1	0	0	1	0	0	0	0	0	0	0	1	0	1	0	1	1	0	0	1	1
165	21	1	1	0	1	1	0	1	0	1	1	0	1	0	1	0	1	0	1	0	1	0	0	1	1
166	20	1	0	0	1	0	0	0	0	0	0	0	0	0	0	0	0	0	0	0	0	0	0	1	0
167	22	1	1	0	1	0	1	1	1	0	1	1	0	1	1	1	0	1	0	1	1	1	1	1	1
168	20	1	0	0	1	0	0	0	1	0	0	1	0	1	0	0	0	1	0	1	0	0	0	0	0
169	20	1	0	1	1	0	0	1	0	1	1	0	1	0	0	1	0	0	0	1	1	0	0	0	1
170	22	1	1	0	1	1	1	0	1	0	0	0	0	0	0	1	0	1	1	0	0	0	0	1	1
171	21	1	1	0	1	0	1	1	1	0	1	1	1	1	0	1	0	1	0	1	0	1	1	1	1
172	22	1	1	0	1	1	1	1	1	0	1	0	1	0	0	1	1	1	0	1	1	0	1	1	1
173	23	1	1	1	1	0	1	1	0	0	1	0	0	1	0	1	1	1	1	1	1	1	1	1	1
174	22	1	1	0	1	1	0	1	1	1	0	1	0	1	0	0	0	1	0	1	0	1	0	1	1
175	23	1	1	0	1	NA	1	1	0	1	1	1	1	1	1	1	0	1	1	1	1	0	1	1	1
176	21	1	1	1	1	0	0	0	0	0	1	0	0	0	0	1	0	0	0	0	0	0	0	1	1
177	19	1	1	1	1	0	0	1	0	0	0	0	0	0	0	0	0	0	0	0	0	1	0	0	1
178	27	1	1	0	1	0	1	0	0	0	0	0	0	1	0	1	0	1	0	1	0	0	1	0	0
179	22	1	0	0	1	0	0	0	0	0	1	0	0	1	0	0	0	0	0	1	0	0	0	0	0
180	27	1	0	1	1	0	1	1	1	1	1	0	0	1	0	1	0	0	0	0	0	0	0	1	1
181	20	1	0	0	1	0	0	0	0	0	0	1	0	1	0	0	0	1	0	0	0	0	0	1	1
182	20	1	1	1	1	0	0	0	0	0	0	1	1	1	0	1	0	0	0	1	0	0	0	1	1
183	20	1	1	0	1	1	0	0	1	1	1	1	0	0	1	1	1	0	0	0	1	1	0	1	1
184	19	1	1	1	1	0	1	1	1	1	1	1	0	1	1	1	1	1	0	1	1	1	0	1	1
185	20	1	0	1	1	0	0	0	1	0	1	1	0	1	1	1	1	1	0	1	0	1	0	1	1
186	20	1	0	0	0	0	0	0	0	0	0	0	0	0	0	0	0	0	0	0	0	0	0	1	1
187	20	1	0	0	1	0	0	0	0	0	0	0	0	0	0	0	0	0	0	0	0	0	0	1	0
188	20	1	1	0	1	1	0	0	0	0	1	0	1	0	0	1	0	0	0	0	0	0	0	1	1
189	22	1	0	0	0	0	0	0	0	0	0	0	0	0	0	1	0	0	0	0	0	0	1	0	1
190	23	1	1	1	1	1	1	1	1	1	1	1	1	1	1	1	0	1	0	1	1	1	1	1	1
191	22	1	0	0	0	0	0	0	0	0	0	0	0	0	0	0	0	0	0	0	0	0	0	0	0
192	21	1	1	1	0	0	0	0	0	0	0	0	0	0	0	1	0	0	0	0	0	1	0	1	1
193	21	1	0	0	1	0	1	0	0	0	0	0	0	1	0	0	0	1	0	0	0	0	1	1	1
194	23	1	0	1	1	0	0	1	1	0	1	0	0	0	0	1	0	0	1	1	0	0	0	1	1
195	21	1	1	1	1	1	1	1	1	1	1	1	1	1	1	1	1	1	1	1	1	1	1	1	1
196	21	1	0	0	1	0	0	0	0	0	0	0	0	1	0	0	0	1	0	1	0	0	0	1	1
197	21	1	1	1	0	0	1	1	0	1	0	0	0	0	0	1	0	1	1	0	0	1	1	1	1
198	20	1	0	0	1	0	0	0	0	0	1	0	0	0	0	0	0	0	1	0	0	0	1	1	0
199	22	1	0	0	1	0	0	0	1	0	0	1	0	1	1	1	0	1	0	0	0	0	0	1	1
200	23	1	1	1	1	0	0	1	1	0	1	1	0	1	0	1	0	1	0	1	0	0	0	1	1
201	21	1	0	0	0	0	0	0	0	0	0	0	0	0	0	1	0	0	1	0	0	0	0	1	1
202	20	1	0	0	0	1	0	0	0	0	0	0	0	1	0	0	0	1	0	0	0	0	1	0	1
203	19	1	1	1	1	0	1	1	1	0	0	0	1	0	0	1	0	1	0	1	0	0	1	1	1
204	21	1	0	0	1	0	0	0	0	0	0	0	0	0	0	1	0	0	1	0	0	0	0	1	1
205	21	1	1	0	1	0	1	0	0	0	0	0	0	0	0	0	0	1	0	1	0	0	0	0	0
206	24	1	0	0	0	0	0	0	0	0	0	0	0	0	0	0	0	0	1	0	0	0	0	0	1
207	21	1	0	0	1	0	0	0	0	0	0	0	0	0	0	0	0	0	0	0	0	0	1	1	1
208	21	1	1	1	1	0	1	0	0	0	0	0	0	0	0	1	1	1	0	0	0	1	0	1	1
209	19	1	0	0	0	0	0	0	0	0	0	1	1	1	0	0	0	1	0	0	0	0	0	0	1
210	21	1	0	0	1	0	0	0	0	0	0	0	0	1	0	0	0	1	0	1	0	0	0	0	0
211	20	1	0	1	1	0	0	0	0	0	0	0	0	0	0	0	0	0	0	0	0	0	0	0	0
212	21	1	1	0	1	0	0	0	0	0	0	0	0	1	0	1	0	1	0	0	0	0	0	1	1
213	21	1	1	0	1	0	1	1	0	1	1	1	1	1	0	1	1	1	0	1	1	1	1	1	1
214	26	1	1	1	1	1	0	1	0	0	0	0	0	1	1	1	1	0	0	0	0	1	0	1	1
215	21	1	1	1	1	1	1	1	1	0	0	0	0	0	1	1	0	1	1	1	0	1	0	1	1
216	21	1	0	1	1	0	0	1	1	0	0	1	0	1	1	0	0	0	1	0	1	0	0	1	1
217	22	1	0	0	0	0	0	1	0	0	0	0	0	0	0	0	0	1	0	1	0	0	0	0	1
218	22	1	1	0	1	0	0	0	0	0	0	1	0	1	0	1	0	0	0	0	0	0	0	1	1
219	20	1	1	0	1	1	0	1	1	0	1	0	1	0	0	0	1	1	1	1	0	1	0	1	1
220	21	1	1	0	1	1	0	1	1	1	0	0	0	0	0	1	0	0	0	0	0	0	0	1	1
221	21	1	1	1	1	0	0	1	0	0	1	0	0	0	0	1	0	1	1	1	1	0	1	1	1
222	21	1	1	1	1	0	0	1	1	0	1	1	0	1	0	1	1	1	0	1	1	0	1	1	1
223	22	1	1	0	0	0	0	0	1	0	0	0	0	0	1	1	0	0	1	0	0	0	0	0	1
224	21	1	1	1	0	0	0	1	0	0	0	0	1	0	0	1	0	0	0	0	1	0	0	0	0
225	20	1	0	0	1	0	0	1	0	0	0	0	0	0	0	0	0	0	0	0	0	0	1	0	0
226	23	1	1	1	1	0	1	1	1	0	1	1	1	1	1	1	0	1	0	1	0	1	0	1	1
227	20	1	0	0	1	0	0	0	0	0	0	0	0	0	0	1	0	0	0	1	0	0	1	1	0
228	21	1	0	0	1	0	0	0	0	1	0	0	0	0	0	0	0	1	0	0	0	0	1	1	1
229	20	1	1	1	1	0	0	1	0	0	0	1	0	0	0	1	1	0	1	0	0	0	0	1	1
230	23	1	0	1	0	1	0	1	0	0	0	0	0	0	0	1	0	0	0	0	1	0	0	1	1
231	20	1	0	0	0	0	0	0	0	0	0	0	0	0	0	0	0	0	0	0	0	0	0	0	1
232	NA	1	1	1	1	0	1	1	1	0	1	0	0	1	0	1	1	1	1	1	0	1	1	1	1
233	NA	1	0	0	0	0	0	0	0	0	0	0	0	0	0	0	0	0	0	0	0	0	0	0	1
234	20	1	1	1	1	0	0	1	0	1	1	0	1	0	1	1	1	1	0	0	1	1	0	0	1
235	20	1	1	1	1	0	0	1	1	1	1	0	1	0	0	1	0	1	0	1	1	0	1	1	1
236	19	1	1	1	1	1	1	1	0	1	1	1	1	1	1	1	1	1	1	1	0	1	0	1	1
237	21	1	0	0	1	0	0	1	1	1	1	0	0	0	0	1	0	0	0	1	0	1	1	1	1
238	23	1	0	0	1	0	0	0	0	1	1	0	1	1	0	1	1	0	0	1	1	1	0	1	1
239	20	1	1	0	1	0	0	0	0	0	1	1	0	1	0	0	0	1	0	0	0	0	0	1	1
240	21	1	1	1	1	0	0	0	0	0	0	0	0	0	0	0	0	0	0	0	0	0	0	0	1
241	20	1	1	0	1	0	0	1	0	0	0	0	0	0	0	1	0	0	0	1	0	0	0	1	1
242	22	1	1	0	1	0	0	1	0	0	1	0	1	1	0	1	0	0	0	0	0	1	1	1	1
243	20	1	0	0	0	0	0	0	1	1	1	1	0	0	1	1	0	0	0	0	1	0	0	0	1
244	21	1	0	0	1	0	0	0	0	0	0	0	0	0	0	0	0	0	0	1	0	1	0	0	0
245	21	1	0	0	1	0	0	1	0	0	0	1	0	1	0	1	0	1	0	0	0	0	0	1	1
246	22	1	1	0	1	0	0	0	0	0	0	0	1	1	0	1	1	0	1	0	0	0	0	0	1
247	22	1	1	1	1	0	1	1	1	1	1	1	1	0	1	1	1	1	1	1	1	1	1	1	1
248	24	1	1	1	1	0	1	1	0	0	0	0	0	0	0	1	1	0	1	0	0	0	1	1	1
249	22	1	1	0	0	0	0	1	0	0	0	0	0	0	0	0	0	0	0	0	0	0	1	0	1
250	20	1	0	0	1	0	0	0	0	0	0	0	0	0	0	0	0	1	1	0	0	0	1	1	1
251	21	1	0	0	1	0	0	0	0	0	0	0	0	1	0	0	0	1	0	0	0	0	0	1	0
252	20	1	0	0	1	1	0	1	0	1	1	1	0	1	1	1	0	1	0	0	1	1	0	1	1
253	21	1	0	0	0	0	0	0	0	0	0	0	0	0	0	0	0	1	0	0	0	0	0	0	0
254	20	1	0	0	0	1	0	0	1	0	0	0	1	1	0	0	0	0	0	1	0	1	1	1	1
255	25	1	1	1	1	1	1	1	1	1	1	1	1	1	1	1	1	1	1	1	1	1	1	0	1
256	21	1	1	0	1	1	1	1	1	1	1	1	0	1	1	1	1	1	0	1	1	1	1	1	1
257	21	1	1	0	1	0	0	1	0	0	1	0	0	0	0	1	0	1	0	0	1	0	0	1	1
258	21	1	1	1	1	0	0	1	1	0	1	1	0	0	0	1	0	1	0	1	0	0	1	1	1
259	22	1	1	0	1	1	1	1	1	1	0	0	0	1	0	1	0	1	0	1	1	0	1	1	1
260	22	1	0	0	1	0	1	1	1	0	1	0	0	1	0	1	0	0	0	0	0	0	0	0	1
261	21	1	1	1	1	0	0	1	1	1	1	0	0	1	0	1	0	0	0	0	0	0	0	1	1
262	22	1	0	1	1	1	0	1	0	0	0	1	0	0	0	0	0	1	1	1	1	1	1	0	1
263	22	1	1	1	1	0	0	1	1	0	1	1	0	0	0	1	1	1	1	1	1	1	1	0	0
264	22	1	0	0	1	0	0	0	1	0	0	0	0	0	0	0	0	1	1	0	0	0	1	0	1
265	23	1	1	1	1	1	1	1	1	0	1	1	1	1	1	1	1	1	1	1	1	1	1	1	1
266	22	1	1	1	1	0	1	1	0	1	1	1	1	0	0	0	1	1	1	0	0	1	1	0	1
267	21	1	1	1	1	1	0	1	0	1	0	0	0	0	1	1	0	0	0	1	0	1	NA	1	1
268	23	1	0	0	0	0	0	1	0	0	0	0	0	0	0	1	0	0	0	0	0	0	0	0	1
269	19	1	1	1	1	1	1	1	1	0	1	1	0	1	1	1	0	1	1	0	1	1	1	1	1
270	23	1	1	0	0	0	0	1	0	0	0	0	0	0	1	1	0	0	1	0	0	0	0	1	1
271	19	1	0	0	0	0	0	0	0	0	0	0	0	0	1	1	0	0	0	0	0	0	0	0	0
272	21	1	1	1	1	0	0	1	1	0	1	0	0	0	1	1	0	1	0	0	0	1	0	1	1
273	21	1	0	0	1	0	0	0	0	0	0	0	0	0	0	0	0	0	0	0	0	0	0	0	1
274	24	1	0	0	1	0	0	0	0	0	0	1	0	0	1	1	0	0	0	1	0	0	0	1	1
275	19	1	1	1	1	1	0	1	1	1	1	1	1	1	0	1	1	1	1	1	1	1	1	0	1
276	26	1	0	0	1	0	0	1	0	0	0	0	0	1	0	0	1	1	0	0	1	1	1	1	1
277	21	1	1	0	1	1	0	0	1	0	0	1	0	0	1	0	1	1	1	0	0	0	0	1	0
278	20	1	0	0	0	0	0	0	0	0	0	0	0	0	1	1	0	0	0	0	0	0	0	1	1
279	22	1	0	0	1	0	1	1	1	1	0	1	0	1	0	1	0	1	0	1	0	1	1	1	0
280	22	1	1	0	1	0	1	0	1	1	1	1	1	0	0	1	0	1	1	1	1	0	1	1	1
281	23	1	1	0	1	0	0	0	0	0	0	1	0	1	1	0	0	1	0	1	0	0	0	1	1
282	23	1	0	0	1	0	0	1	0	0	0	0	0	1	0	0	0	1	0	0	0	0	0	1	0
283	23	1	1	1	1	0	1	1	1	0	1	1	1	1	0	1	1	1	1	1	1	1	1	1	1
284	21	1	0	0	1	0	0	0	0	0	0	0	0	0	0	0	0	1	0	0	0	0	0	0	0
285	21	1	0	0	0	0	0	1	0	0	0	1	0	0	0	1	0	0	1	0	0	0	0	1	1
286	20	1	0	0	0	0	0	0	0	0	0	0	0	1	0	0	0	0	0	0	0	0	0	0	1
287	21	1	1	1	1	0	1	1	0	0	0	0	0	1	1	1	1	1	1	1	0	1	0	1	1
288	20	1	1	0	1	0	0	0	1	0	0	0	0	1	1	1	0	1	0	0	0	0	0	1	1
289	19	1	1	1	1	0	1	1	1	0	0	1	0	1	0	0	0	0	1	1	0	0	1	1	1
290	20	1	0	1	1	0	0	1	1	0	1	0	0	1	0	1	0	1	0	0	0	0	0	1	1
291	20	1	0	0	0	0	0	0	1	0	1	0	0	1	0	0	1	1	0	1	0	0	0	1	1
292	22	1	0	0	0	0	1	0	0	0	0	1	0	1	0	0	0	0	0	0	0	1	0	1	1
293	22	1	1	1	1	1	0	1	1	0	1	1	0	0	0	0	0	0	0	0	1	1	1	1	1
294	23	1	0	0	1	1	0	0	1	0	0	0	0	0	1	1	0	0	0	1	0	0	1	1	1
295	22	1	1	0	0	1	0	0	0	0	0	0	0	0	0	1	0	0	0	0	0	0	0	1	1
296	26	1	0	0	0	1	0	0	0	0	0	0	0	0	0	1	0	0	0	0	0	0	0	1	1
297	22	1	1	0	1	0	1	1	1	0	0	0	0	0	1	1	0	1	0	1	0	1	1	1	1
298	21	1	0	0	1	0	0	1	0	0	0	0	0	1	0	1	0	0	0	1	0	1	0	1	1
299	21	1	0	0	1	0	1	0	1	1	0	0	0	1	0	1	0	1	0	1	1	0	1	1	1
300	23	1	1	0	0	0	0	0	1	0	0	0	0	0	0	1	0	0	1	0	0	0	0	0	1
301	25	1	1	1	0	1	0	1	1	0	1	0	0	0	1	1	0	0	0	1	0	0	0	0	1
302	22	1	0	1	1	0	0	1	1	1	1	0	0	1	0	0	0	0	0	1	1	1	1	0	1
303	20	1	0	0	1	0	1	0	1	1	1	0	0	1	0	0	0	1	0	1	0	0	1	0	1
304	21	1	1	0	0	1	1	1	1	1	1	1	0	1	1	1	0	1	0	1	1	0	0	1	1
305	25	1	0	0	1	0	0	0	0	0	0	0	0	0	0	0	0	0	0	0	0	0	0	1	1
306	21	1	1	0	1	1	0	1	1	0	0	1	0	1	0	1	0	0	0	0	0	0	0	1	1
307	20	1	1	1	1	0	1	0	1	1	1	1	0	1	1	1	0	1	1	0	0	1	0	1	1
308	20	1	1	1	1	0	1	1	1	0	0	1	0	0	0	1	0	0	0	1	0	0	1	1	1
309	24	1	1	0	1	0	1	1	0	0	1	1	0	1	0	1	0	0	1	1	0	0	1	1	1
310	20	1	0	0	0	0	0	0	0	0	0	0	0	1	0	0	0	0	0	0	0	0	0	0	1
311	21	1	1	0	1	0	0	0	0	0	0	0	0	1	0	1	0	1	0	0	0	0	0	1	1
312	22	1	0	1	0	0	1	1	0	0	0	0	0	0	0	1	0	0	0	0	0	0	1	1	1
313	20	1	1	1	1	1	1	1	1	1	1	1	1	1	1	1	1	0	1	1	1	1	1	1	1
314	22	1	0	0	1	0	0	0	0	0	0	0	0	0	0	1	0	0	1	0	0	0	0	1	1
315	23	1	1	0	0	1	0	1	0	1	0	1	0	0	0	0	0	1	0	0	1	0	0	1	1
316	20	1	1	1	1	1	1	0	0	1	1	0	0	1	1	1	1	0	0	1	0	1	1	0	1
317	20	1	1	1	1	1	0	1	0	0	1	1	1	1	0	1	1	1	0	1	0	0	0	1	1
318	21	1	1	0	1	0	0	1	0	0	0	0	1	0	1	1	1	1	0	0	0	1	0	1	1
319	24	1	1	1	1	0	0	0	0	0	1	0	0	0	1	1	1	0	0	0	0	1	0	1	1
320	20	1	1	0	1	1	0	1	1	0	0	1	0	1	1	1	0	1	0	0	0	0	0	1	1
321	21	1	1	0	1	0	0	0	0	0	0	0	0	1	0	0	0	0	0	1	0	0	1	1	1
322	21	1	0	0	0	0	0	0	0	0	0	0	0	0	1	1	0	1	0	0	0	0	0	0	0
323	22	1	1	1	1	0	0	1	1	0	1	1	0	0	0	0	0	1	1	0	0	1	1	1	1
324	20	1	1	0	1	0	1	1	1	1	1	1	1	0	0	0	1	1	0	0	1	1	1	1	0
325	20	1	1	1	1	0	0	0	0	0	0	0	0	1	1	0	0	0	0	0	0	0	0	1	1
326	19	1	0	0	1	0	0	0	1	0	1	1	1	0	0	0	0	1	0	0	1	1	0	1	1
327	23	1	0	1	1	0	0	0	0	0	0	0	0	0	1	0	0	1	0	0	0	0	0	0	1
328	22	1	1	1	1	0	1	1	1	1	1	1	1	1	0	1	0	1	0	1	0	1	1	1	1
329	38	1	0	0	0	0	0	0	0	0	0	0	0	0	0	0	0	0	0	0	0	0	0	0	0
330	22	1	0	0	1	0	0	0	0	0	0	0	0	1	0	1	0	1	0	1	0	0	1	1	1
331	20	1	1	1	1	1	1	1	1	1	1	1	0	1	1	1	1	1	1	1	1	1	1	1	1
332	20	1	1	1	1	0	0	1	0	0	1	1	0	1	0	1	1	1	1	0	0	0	0	1	1
333	20	1	1	0	1	0	0	0	0	0	0	0	0	0	0	1	0	0	1	0	0	0	0	0	0
334	21	1	0	0	1	1	1	1	0	1	1	1	0	0	0	0	1	1	0	1	0	1	1	1	1
335	21	1	0	1	1	1	0	1	0	0	0	1	1	0	1	1	0	1	1	1	0	1	0	0	1
336	28	1	0	0	0	0	0	0	0	0	0	1	1	1	0	0	0	0	0	0	0	0	0	0	0
337	21	1	0	0	1	0	0	0	0	0	0	0	0	0	0	0	0	0	0	0	0	0	0	1	1
338	21	1	0	0	1	0	0	0	0	0	0	0	0	0	0	0	0	0	0	0	0	0	0	0	1
339	22	1	1	0	1	1	1	1	1	1	1	1	0	1	1	1	1	1	1	1	1	1	1	1	1
340	23	1	1	1	1	0	1	1	0	1	1	0	0	0	1	1	0	1	1	1	0	1	1	0	1
341	22	1	1	0	1	0	0	1	0	0	1	0	0	1	0	1	0	1	0	0	0	1	0	1	1
342	21	1	1	1	1	0	0	0	0	1	1	0	1	0	1	1	0	1	0	0	1	0	1	1	1
343	21	1	0	0	1	1	0	0	0	0	0	1	0	1	0	0	0	0	0	0	0	0	0	0	1
344	22	1	0	0	0	0	0	0	0	0	0	1	0	0	0	0	0	0	0	0	1	0	0	1	1
345	21	1	0	0	1	0	0	0	1	0	0	0	0	0	1	0	1	1	0	1	0	0	0	1	1
346	20	1	1	0	0	0	0	0	0	0	0	0	0	0	0	0	0	0	0	0	0	1	0	1	1
347	19	1	1	1	1	1	0	1	1	1	1	0	0	1	0	1	1	1	1	1	0	0	0	1	1
348	24	1	1	1	1	1	1	1	1	0	1	1	1	0	1	1	1	1	1	1	1	1	1	1	1
349	21	1	0	0	1	0	0	0	1	0	0	0	0	0	1	1	1	0	0	0	0	0	0	1	1
350	19	1	0	0	1	1	0	0	0	0	0	0	0	0	0	0	1	0	0	0	1	0	0	1	0
351	20	1	0	1	0	0	0	0	0	0	1	1	0	0	0	1	0	1	0	1	0	0	0	1	1
352	22	1	0	0	0	0	0	0	0	0	0	0	0	0	0	0	0	0	1	0	0	0	0	1	0
353	21	1	0	0	1	0	0	0	0	0	0	0	0	0	0	0	0	0	0	1	0	0	0	0	1
354	22	1	1	0	1	0	0	0	1	1	1	1	1	1	1	1	0	1	0	0	1	1	1	1	1
355	20	1	0	0	1	0	0	0	0	0	0	0	0	0	1	0	0	1	0	0	0	0	0	0	1
356	20	1	1	0	1	1	0	1	1	0	1	1	0	1	0	1	0	1	0	0	0	0	0	0	1
357	24	1	0	0	0	0	0	0	0	0	0	0	0	0	0	0	0	1	0	0	0	0	0	0	1
358	24	1	1	1	1	0	0	1	0	0	1	1	0	1	0	1	0	1	0	0	1	1	0	1	1
359	22	1	0	0	0	0	0	0	0	0	0	0	1	0	0	0	0	0	0	0	0	0	0	1	1
360	20	1	0	0	0	0	0	0	0	0	1	0	0	0	1	0	0	1	0	0	0	0	0	0	0
361	22	1	0	0	0	0	0	0	0	0	0	0	1	0	0	0	1	0	0	0	0	0	0	0	1
362	19	1	0	0	1	0	1	1	1	1	1	0	1	1	1	1	0	1	1	1	1	0	1	1	1
363	21	1	0	0	0	0	0	0	0	0	0	0	0	0	0	0	0	1	0	0	0	0	0	0	1
364	20	1	0	1	1	0	0	0	0	0	0	0	0	0	0	1	0	0	0	0	0	0	0	1	1
365	19	1	0	0	0	0	0	1	1	0	0	1	0	1	0	1	0	0	1	0	0	0	0	1	1
366	21	1	0	0	0	1	0	0	0	0	0	0	0	0	0	1	0	0	0	0	0	1	0	0	0
367	22	1	0	0	1	0	0	0	1	0	0	0	0	1	0	0	0	0	0	1	0	0	0	0	0
368	22	1	0	0	1	0	0	1	0	0	1	1	0	1	0	0	0	0	0	0	0	0	0	1	1
369	22	1	0	0	1	1	0	0	1	0	0	0	0	1	0	1	0	1	1	0	0	1	0	1	1
370	22	1	1	0	0	0	0	0	0	0	0	0	0	0	0	1	0	0	0	0	0	0	0	1	0
371	25	1	1	0	1	0	0	0	1	1	1	1	1	1	0	0	0	0	1	0	0	0	1	1	1
372	22	1	0	0	0	0	0	1	0	0	0	0	0	0	0	0	0	0	1	0	0	0	0	0	1
373	19	1	1	1	1	0	0	1	0	0	1	1	0	1	0	0	0	1	0	1	0	0	0	1	1
374	22	1	1	0	1	1	0	1	0	0	0	0	0	1	0	0	0	0	0	0	0	1	0	1	1
375	22	1	0	0	1	0	0	0	0	0	0	0	0	0	0	0	0	0	0	1	1	0	0	0	0
376	22	1	1	0	0	0	0	1	0	0	0	1	0	1	0	1	1	0	1	0	0	0	0	1	1
377	20	1	1	1	1	1	1	1	1	1	1	1	1	1	1	1	0	1	1	1	1	1	1	1	1
378	20	1	1	0	0	1	0	0	0	0	0	0	0	1	0	0	0	1	0	0	0	0	0	0	1
379	22	1	1	0	1	0	0	1	0	0	0	0	0	1	0	1	0	1	0	0	0	0	0	0	1
380	21	1	0	0	0	0	0	0	0	0	0	0	0	0	0	0	0	1	1	0	1	0	1	1	1
381	21	1	1	0	0	0	0	1	0	1	0	0	0	1	1	1	0	0	0	0	1	1	0	1	1
382	23	1	1	1	0	1	0	0	0	0	0	1	0	0	1	0	0	0	0	0	0	0	0	1	1
383	19	1	0	0	1	1	1	1	1	0	1	0	1	0	0	1	1	1	1	1	1	1	1	0	1
384	20	1	1	1	1	0	0	1	1	0	0	0	0	1	0	1	0	1	0	0	0	0	0	1	1
385	22	1	0	0	1	0	0	1	0	0	0	0	0	0	0	1	0	0	1	0	0	1	1	1	1
386	20	1	1	0	1	0	1	1	1	1	1	0	1	0	0	0	0	1	0	1	0	1	1	1	1
387	23	1	1	0	1	0	1	0	1	0	0	0	0	0	0	0	0	1	1	0	0	0	1	1	1
388	22	1	1	0	1	0	0	0	0	0	0	0	0	0	0	1	1	1	0	0	0	0	1	1	1
389	23	1	1	1	1	1	1	1	1	0	1	1	0	1	0	1	1	1	0	1	0	1	1	1	1
390	23	1	1	0	1	0	0	0	0	0	0	0	0	0	0	0	0	0	0	0	0	0	0	0	1
391	24	1	1	0	1	0	1	1	1	1	1	1	0	1	0	0	0	1	0	1	0	1	1	1	1
392	21	1	0	0	0	0	0	0	0	0	0	1	0	0	0	0	0	1	0	0	0	0	0	1	0
393	21	1	0	0	1	0	0	1	0	1	1	0	1	0	0	0	0	0	0	1	0	0	0	0	0
1	19	1	1	1	1	0	0	1	0	0	1	0	0	1	0	0	0	1	0	1	0	0	0	0	1
3	19	1	1	1	1	1	0	0	1	0	1	0	0	1	0	1	0	1	0	1	1	0	0	1	1
4	26	1	1	0	1	0	0	0	1	0	0	1	0	1	0	1	0	0	1	0	0	1	0	1	1
5	62	1	0	0	1	0	0	1	0	0	1	1	0	1	0	1	0	1	0	1	0	0	0	0	1
6	NA	1	1	1	1	1	1	1	1	1	1	1	1	1	1	1	0	0	0	1	1	1	1	1	1
7	NA	1	1	1	1	1	0	1	1	0	0	1	1	1	1	1	0	1	0	0	0	0	1	1	1
8	18	1	1	0	1	1	1	1	0	0	1	0	0	1	0	1	0	0	0	1	1	0	1	1	1
9	21	1	1	0	0	1	0	1	0	0	1	0	0	0	0	1	1	1	1	0	0	1	1	0	1
10	19	1	0	1	0	0	0	1	0	0	1	0	1	1	0	0	1	0	1	0	0	0	0	1	1
11	NA	1	1	0	1	1	1	1	1	0	1	1	0	1	0	1	1	1	1	1	0	1	0	1	1
12	19	1	1	0	1	0	0	1	1	0	0	1	0	0	1	1	0	0	0	1	1	0	1	0	1
13	21	1	0	0	1	0	0	0	0	0	0	0	0	0	0	0	0	1	0	0	0	0	0	1	1
14	19	1	0	1	1	0	0	0	0	0	0	0	0	1	1	1	0	0	0	0	0	0	0	0	0
15	20	1	1	0	0	0	1	1	0	0	0	1	0	1	1	1	0	1	0	1	0	0	1	1	1
16	19	1	1	0	1	1	0	0	1	0	0	1	0	1	0	1	0	0	1	1	0	0	0	1	1
17	20	1	0	0	0	0	0	0	0	0	0	0	0	1	0	0	0	0	0	0	0	0	0	1	0
18	19	1	1	1	1	0	1	0	0	0	0	1	0	1	1	0	0	1	1	1	1	0	1	1	1
19	20	1	1	1	1	0	1	1	0	1	1	1	1	0	0	0	1	0	1	0	1	1	1	1	1
20	19	1	1	0	1	0	0	0	0	0	0	0	0	1	0	1	0	1	0	0	0	1	0	1	1
21	19	1	1	0	1	1	1	1	1	0	1	0	1	1	1	1	0	1	0	1	1	0	1	1	1
22	NA	1	1	1	1	0	1	1	1	1	1	1	1	1	0	1	1	1	0	1	1	1	1	1	1
23	20	1	1	1	1	0	0	1	0	0	0	1	1	1	0	1	1	0	1	1	1	1	0	1	1
24	21	1	0	0	1	1	0	1	0	0	1	1	1	1	0	1	0	1	0	0	0	1	0	1	1
25	21	1	1	1	1	1	1	1	1	1	1	1	0	1	0	1	1	1	1	1	0	0	1	1	1
26	NA	1	0	0	0	0	0	0	0	0	0	0	0	1	0	1	0	1	0	0	0	0	0	1	0
27	NA	1	1	1	1	1	0	0	0	0	1	0	0	0	1	0	0	1	1	0	0	0	1	1	1
28	20	1	1	1	0	0	0	1	0	0	0	0	0	0	0	1	1	1	1	0	1	1	0	1	1
29	NA	1	1	1	1	1	1	1	NA	0	1	0	0	0	1	0	1	0	0	1	0	0	1	1	1
30	19	1	1	1	1	1	1	1	1	1	1	1	1	1	0	1	0	1	1	1	1	1	1	1	1
31	19	1	1	1	1	0	0	1	1	1	1	1	1	0	0	1	1	1	1	1	1	1	1	1	0
32	66	1	1	1	1	0	1	1	1	1	1	1	1	1	1	0	0	1	1	1	1	1	1	1	1
33	19	1	0	0	1	1	1	1	0	0	1	1	0	0	0	0	0	1	0	0	0	0	1	1	1
34	19	1	1	1	0	1	1	1	0	1	1	1	1	1	0	1	1	0	0	1	0	1	0	1	1
35	19	1	1	1	1	1	1	1	1	1	1	1	1	1	1	1	1	1	1	1	1	1	1	1	1
36	20	1	0	0	1	0	0	0	0	0	0	0	0	0	0	0	0	0	0	0	0	0	0	0	0
37	19	1	1	0	0	1	1	1	1	1	1	1	1	0	1	0	0	1	1	1	1	1	0	0	1
38	19	1	1	0	0	1	0	1	1	0	1	1	0	1	0	1	0	0	0	0	0	1	0	1	NA
39	NA	1	1	1	1	1	1	0	0	1	1	1	0	1	0	0	0	1	0	1	0	0	1	1	1
40	70	1	1	0	1	1	1	1	0	1	1	1	1	1	0	1	0	1	1	1	0	1	1	1	1
41	21	1	0	1	1	0	1	0	1	0	0	0	0	0	0	1	1	0	1	1	0	0	0	1	1
42	19	1	0	0	1	0	0	0	0	0	0	0	0	0	0	1	0	1	0	1	0	0	0	1	1
43	NA	1	1	0	1	0	0	1	0	1	1	0	0	1	1	1	0	0	0	1	1	0	1	1	0
44	22	1	1	1	1	1	1	1	1	1	1	0	1	1	1	1	0	1	1	1	1	1	1	1	1
45	19	1	1	1	1	1	1	1	1	1	1	1	1	0	1	1	0	1	1	1	1	1	1	1	1
46	19	1	0	1	0	0	0	0	0	0	0	1	0	1	0	0	0	1	0	0	0	0	0	1	1
47	20	1	1	0	1	1	0	1	1	1	1	1	1	1	0	1	0	1	0	1	0	0	0	1	1
1	18	1	0	0	0	0	0	0	0	0	1	1	0	1	1	0	0	0	1	1	0	1	0	0	1
2	19	1	1	1	1	1	1	1	1	1	1	1	1	1	1	1	1	0	0	0	0	1	0	1	1
3	19	1	1	1	1	1	1	1	1	0	1	0	0	0	0	1	1	0	1	0	0	0	0	1	1
4	42	1	0	0	0	0	0	0	0	0	0	0	0	0	0	0	0	0	0	0	0	0	0	0	1
5	20	1	1	0	1	1	0	1	1	1	1	0	1	0	0	1	0	1	0	1	0	0	0	1	1
6	21	1	0	0	1	0	0	0	0	0	0	0	0	0	1	0	0	0	0	0	0	0	0	0	0
7	19	1	1	1	1	0	0	1	1	0	1	1	0	1	0	1	0	1	0	1	0	0	0	0	1
8	18	1	0	0	1	0	1	1	1	1	1	1	1	1	0	0	1	1	0	1	1	1	1	1	1
9	19	1	0	1	1	0	0	0	1	1	1	1	0	1	0	1	1	0	1	1	0	0	1	1	1
10	25	1	0	0	1	0	0	0	0	0	0	1	1	1	0	0	0	1	0	1	0	0	0	1	1
11	19	1	1	1	1	0	1	0	1	1	1	1	0	1	0	1	1	1	0	1	1	1	1	1	1
12	19	1	0	1	1	0	0	1	0	0	0	1	0	0	0	1	0	0	1	1	0	0	0	1	1
13	20	1	1	1	1	0	1	1	1	0	1	1	0	1	0	1	1	1	1	0	1	1	1	1	1
14	19	1	1	0	1	0	1	0	1	0	0	0	0	1	0	0	0	0	0	1	0	0	1	1	1
15	20	1	1	1	1	0	0	1	0	1	1	1	1	1	0	1	0	0	0	1	1	0	0	1	1
16	20	1	1	1	1	0	1	1	1	0	0	0	1	0	1	1	0	0	0	1	0	1	1	0	1
17	19	1	1	0	1	1	0	1	0	0	1	1	0	1	0	1	0	0	0	0	0	0	0	0	1
18	19	1	1	1	1	1	1	0	1	1	1	1	1	1	0	1	0	0	0	0	1	0	1	1	1
19	20	1	1	0	1	0	1	0	0	0	0	0	0	1	0	0	0	1	0	0	1	0	1	1	1
20	20	1	1	0	1	0	1	1	0	1	1	1	1	1	1	1	0	0	0	1	0	0	1	1	1
21	20	1	1	0	0	0	0	0	1	1	1	1	0	1	0	0	0	1	0	1	1	0	0	1	1
22	24	1	0	0	0	0	0	0	0	0	0	0	0	0	0	0	0	0	0	0	0	0	0	0	1
23	19	1	1	1	1	0	1	1	1	1	1	1	0	0	0	1	1	1	0	1	0	1	1	1	1
24	19	1	1	0	1	0	0	1	1	0	0	0	0	0	0	1	0	0	1	0	0	1	0	1	1
25	21	1	0	0	1	0	0	0	0	0	1	1	0	1	0	1	0	1	0	0	0	0	0	0	1
26	20	1	1	1	1	1	1	1	0	1	1	1	1	0	0	1	1	1	0	1	1	1	1	0	1
27	19	1	1	1	1	0	1	0	1	1	1	1	0	0	0	0	0	1	0	1	0	0	1	1	1
28	19	1	1	0	1	0	0	0	0	1	0	0	1	1	0	1	0	0	0	0	0	1	0	1	1
29	19	1	1	1	1	0	0	0	1	0	1	1	0	1	0	1	0	1	1	1	0	0	1	1	1
30	21	1	1	0	1	0	1	1	1	0	1	1	0	1	0	1	0	1	0	1	0	0	1	1	1
31	20	1	0	0	1	0	0	0	0	0	0	0	0	0	0	0	0	0	0	0	0	0	0	1	1
32	20	1	1	1	1	0	1	1	1	0	1	1	0	1	0	0	1	1	1	1	0	0	1	1	1
33	19	1	0	0	0	0	0	0	0	0	0	0	0	1	0	0	0	0	0	0	0	0	0	1	1
34	19	1	1	1	1	0	0	0	1	1	1	1	1	1	0	1	1	1	0	0	1	1	0	1	1
35	19	1	1	1	1	1	1	1	1	0	1	1	0	1	1	1	0	1	0	1	1	1	1	1	1
36	19	1	0	0	1	1	0	1	1	1	1	1	0	1	1	1	0	0	0	0	0	0	0	1	1
1	70	1	1	0	0	0	0	0	0	0	1	1	0	1	0	0	0	0	0	0	0	0	1	1	1
2	53	1	0	0	0	0	0	0	0	0	1	1	1	1	1	1	1	1	0	0	0	1	0	1	1
3	50	1	0	0	0	0	0	0	0	0	0	0	0	0	0	0	0	0	0	0	0	0	NA	0	0
4	44	1	1	0	0	0	0	0	1	0	0	0	0	0	0	0	0	0	0	1	0	0	0	1	1
5	52	1	0	0	0	0	0	0	0	0	0	0	0	1	1	1	0	0	1	1	0	0	1	1	1
6	54	1	NA	0	0	1	1	1	1	1	1	0	NA	0	1	0	1	0	1	1	0	1	0	1	1
7	46	1	1	1	1	0	1	1	0	0	0	0	0	1	1	1	0	1	1	0	0	0	1	1	1
8	64	1	1	1	1	0	0	0	0	0	0	1	0	0	1	0	1	0	1	0	0	1	0	1	1
9	72	1	1	0	0	0	0	1	0	1	0	0	0	1	1	1	1	0	NA	1	NA	1	1	1	1
10	71	1	1	1	1	0	0	0	1	0	1	0	0	1	1	1	0	0	1	1	1	0	1	1	1
11	53	1	0	0	0	0	0	0	0	0	0	0	0	1	0	0	0	0	0	0	0	1	0	0	0
12	52	1	0	0	0	1	0	0	0	0	0	0	0	1	1	1	0	0	0	1	0	0	0	0	0
1	63	1	1	0	1	0	1	1	1	0	0	1	0	1	0	1	1	0	0	0	0	0	1	1	1
2	42	1	0	0	1	0	0	0	0	0	1	1	0	1	0	0	0	1	0	1	1	0	1	0	1
3	52	1	1	1	1	1	1	1	0	0	1	1	0	1	1	1	1	1	1	1	0	0	0	1	1
4	55	1	1	0	0	0	0	0	0	1	0	0	0	1	0	1	0	0	0	1	1	0	0	1	1
5	72	1	0	0	1	1	1	0	1	1	1	1	1	0	1	1	0	0	1	1	1	1	1	0	1
1	72	1	0	1	0	0	1	1	0	0	0	0	0	1	0	1	0	0	0	0	0	0	0	1	1
2	53	1	0	0	1	0	0	0	0	0	1	1	0	1	0	0	0	0	0	1	0	0	1	0	1
3	64	1	0	0	0	0	0	0	0	0	0	0	0	0	1	0	0	0	0	0	0	0	0	1	1
4	52	1	0	0	0	0	0	0	0	1	0	0	1	1	0	1	1	0	0	0	1	1	1	1	1
5	29	1	0	0	0	0	0	0	0	0	0	0	0	0	0	0	0	0	0	0	0	0	0	1	1
6	74	1	0	0	1	0	0	0	0	0	0	0	0	0	0	1	0	0	0	0	0	0	0	0	0
7	65	1	1	0	0	1	0	0	0	0	0	0	0	0	1	0	0	0	0	0	0	0	0	1	1
8	82	1	0	0	1	0	1	0	1	1	1	1	1	0	0	0	0	1	1	1	0	1	1	1	1
9	62	1	0	0	1	0	0	0	0	0	0	0	0	1	0	1	0	0	0	0	0	0	0	0	1
10	49	1	1	0	0	0	1	1	1	0	0	1	1	1	1	1	1	0	1	1	1	0	1	1	0
11	69	1	1	1	1	0	0	1	1	0	0	0	0	1	0	1	0	1	0	0	0	1	0	1	0
12	60	1	0	1	1	NA	0	0	1	1	1	0	0	1	1	1	1	1	0	0	1	1	0	1	1
13	70	1	0	0	1	0	0	1	0	0	0	0	0	0	0	1	0	1	1	0	0	1	0	1	1
14	62	1	1	0	1	0	1	1	1	1	1	1	1	1	0	1	0	0	1	1	0	0	1	1	1
15	60	1	1	1	1	0	0	0	0	1	0	0	1	1	1	1	0	0	0	1	1	0	1	1	1
16	57	1	0	1	1	0	1	1	0	0	1	0	0	0	0	1	0	0	0	0	0	0	1	1	1
