"esqp_01" "esqp_02" "esqp_03" "esqp_04" "esqp_05" "esqp_06" "esqp_07" "esqp_08" "esqp_09" "esqp_10" "esqp_11" "esqp_12"
"1" 1 1 1 1 2 2 2 2 1 2 1 1
"2" 3 3 3 3 3 3 3 1 2 1 3 3
"3" 1 1 1 1 1 1 1 1 1 1 1 1
"4" 1 1 1 1 1 1 1 1 1 1 1 1
"5" 1 1 1 1 1 1 1 1 1 1 1 1
"6" 2 1 1 2 2 1 1 2 2 3 2 1
"7" 2 1 1 2 2 1 1 2 2 3 2 1
"8" 1 1 1 1 3 3 1 1 1 1 3 3
"9" 1 1 1 1 3 3 1 1 1 1 3 3
"10" 1 1 1 1 1 1 1 2 2 2 1 1
"11" 1 1 1 1 1 1 1 2 2 2 1 1
"12" 1 1 1 1 1 1 1 2 2 2 1 1
"13" 1 1 1 1 1 1 1 2 2 2 1 1
"14" 1 1 1 1 2 2 1 1 1 1 1 1
"15" 1 1 1 1 2 2 1 1 1 1 1 1
"16" 1 1 1 1 1 1 1 1 1 2 1 1
"17" 1 1 1 1 1 1 1 1 1 2 1 1
"18" 1 1 1 2 1 1 1 1 2 1 1 2
"19" 1 1 1 1 1 1 1 1 1 1 1 1
"20" 1 1 1 1 1 1 1 1 1 1 1 1
"21" 1 1 1 1 2 3 1 1 2 2 NA 1
"22" 1 1 1 1 2 3 1 1 2 2 NA 1
"23" 1 1 1 1 1 1 1 2 2 1 1 1
"24" 1 1 1 1 1 1 1 2 2 1 1 1
"25" 1 1 1 1 1 1 1 1 1 1 1 1
"26" 1 1 1 1 1 1 1 1 1 1 1 1
"27" 2 1 1 2 2 2 2 1 1 1 1 1
"28" 2 1 1 2 2 2 2 1 1 1 1 1
"29" 1 1 1 1 2 2 3 1 1 1 2 2
"30" 1 1 1 1 2 2 3 1 1 1 2 2
"31" 1 1 1 1 2 1 1 1 1 1 1 1
"32" 1 1 1 1 2 1 1 1 1 1 1 1
"33" 1 1 1 1 1 1 1 1 2 1 1 1
"34" 1 1 1 1 1 1 1 1 2 1 1 1
"35" 2 2 1 1 1 1 1 1 1 1 1 1
"36" 2 2 1 1 1 1 1 1 1 1 1 1
"37" NA NA NA 1 2 3 2 1 1 1 3 NA
"38" NA NA NA 1 2 3 2 1 1 1 3 NA
"39" 1 1 1 1 NA NA NA 1 1 1 NA 1
"40" 1 1 1 1 NA NA NA 1 1 1 NA 1
"41" NA NA NA NA NA NA NA NA NA NA NA NA
"42" NA NA NA NA NA NA NA NA NA NA NA NA
"43" 2 2 1 2 3 3 2 2 3 1 3 3
"44" 2 2 1 2 3 3 2 2 3 1 3 3
"45" 1 1 1 1 1 1 1 1 1 1 1 1
"46" 1 1 1 1 1 1 1 1 1 1 1 1
"47" 1 1 1 1 2 1 1 1 2 2 2 1
"48" 1 1 1 1 2 1 1 1 2 2 2 1
"49" 1 1 1 2 3 3 3 1 1 1 NA NA
"50" 1 1 1 2 3 3 3 1 1 1 NA NA
"51" NA NA NA NA NA NA NA NA NA NA NA NA
"52" NA NA NA NA NA NA NA NA NA NA NA NA
"53" NA NA NA 1 1 1 NA 1 2 3 NA NA
"54" NA NA NA 1 1 1 NA 1 2 3 NA NA
"55" 1 2 1 1 1 2 1 1 1 1 1 1
"56" 1 2 1 1 1 2 1 1 1 1 1 1
"57" 1 1 1 1 1 1 1 1 1 1 1 1
"58" 1 1 1 1 1 1 1 1 1 1 1 1
"59" 3 3 3 3 3 2 3 1 3 1 3 3
"60" 3 3 3 3 3 2 3 1 3 1 3 3
"61" 1 1 1 1 1 1 1 2 1 2 1 1
"62" 1 1 1 1 1 1 1 2 1 2 1 1
"63" 1 1 1 1 1 1 1 1 1 1 1 1
"64" 2 1 1 2 2 3 3 1 1 1 2 2
"65" 2 1 1 2 2 3 3 1 1 1 2 2
"66" 1 1 1 1 1 1 1 1 2 1 1 1
"67" 1 1 1 1 1 1 1 1 2 1 1 1
"68" 2 1 1 2 NA 1 1 1 1 1 1 1
"69" 2 1 1 2 NA 1 1 1 1 1 1 1
"70" 2 2 2 3 3 3 3 1 1 1 NA 3
"71" 2 2 2 3 3 3 3 1 1 1 NA 3
"72" 1 2 1 2 2 3 2 1 2 1 2 2
"73" 1 2 1 2 2 3 2 1 2 1 2 2
"74" 2 2 1 2 2 2 2 1 2 1 2 2
"75" 2 2 1 2 2 2 2 1 2 1 2 2
"76" 1 1 1 1 1 1 1 1 1 1 1 1
"77" 1 1 1 1 1 1 1 1 1 1 1 1
"78" 2 1 1 1 2 2 3 1 1 1 3 3
"79" NA NA NA NA NA NA NA NA NA NA NA NA
"80" 1 1 1 1 1 1 1 1 1 1 1 1
"81" 1 1 1 1 2 2 NA NA NA NA 1 1
"82" NA NA NA NA NA NA NA NA NA NA NA NA
"83" 2 2 2 NA 2 2 3 1 1 1 2 2
"84" 1 1 1 1 1 2 1 1 1 1 1 1
"85" 1 1 1 1 1 1 1 1 1 1 1 1
"86" 1 1 1 1 1 1 1 2 1 2 1 1
"87" 2 1 1 1 2 1 1 1 1 1 1 1
"88" 1 1 1 1 1 2 1 1 1 1 1 1
"89" 1 1 1 1 1 1 1 1 1 1 1 1
"90" NA NA NA NA NA NA NA NA NA NA NA NA
"91" 1 1 1 1 1 1 1 1 1 1 1 1
"92" 2 2 2 NA NA 3 3 2 2 1 NA 3
"93" 1 1 1 1 1 1 1 1 1 1 1 1
"94" 1 1 1 1 1 1 1 1 1 1 1 1
"95" 2 2 1 1 1 2 1 1 1 1 1 1
"96" 1 1 1 1 1 1 1 2 1 1 1 1
"97" NA 1 1 NA 2 2 1 1 1 1 1 1
"98" 1 1 1 1 1 1 1 1 1 1 1 1
"99" 1 1 1 1 1 1 1 1 1 1 1 1
"100" 1 1 1 1 1 1 1 1 2 1 2 1
"101" 1 2 1 1 1 2 1 1 1 1 1 1
"102" 2 2 2 3 3 3 3 2 2 2 3 3
"103" 2 2 NA 2 2 2 1 1 1 2 2 2
"104" 1 1 1 1 1 1 1 1 1 2 1 1
"105" NA NA NA NA NA NA NA NA NA NA NA NA
"106" 1 1 1 1 1 1 1 1 1 2 1 1
"107" 1 1 1 1 1 1 1 2 1 1 1 1
"108" 1 2 1 1 2 1 1 1 3 1 1 1
"109" 1 1 1 1 1 1 1 1 1 1 1 1
"110" 1 1 1 1 1 1 1 1 1 1 1 1
"111" 1 2 1 1 1 1 1 1 1 1 1 1
"112" 1 1 1 1 1 1 1 1 1 1 1 1
"113" NA NA NA NA NA NA NA NA NA NA NA NA
"114" 1 1 1 1 NA 3 1 1 2 1 2 1
"115" 1 1 1 1 1 1 1 1 1 1 1 1
"116" 1 1 1 1 1 1 1 1 1 1 1 1
"117" 1 1 1 1 1 1 NA 1 1 2 1 1
"118" 1 1 1 1 1 1 1 1 2 2 1 1
"119" 1 1 1 1 2 1 1 1 1 1 1 1
"120" 1 1 1 1 2 1 2 1 1 1 1 2
"121" 2 2 2 2 2 2 2 1 1 1 1 2
"122" 1 1 1 1 1 1 1 1 3 2 3 1
"123" 1 1 1 1 1 1 1 1 2 1 1 1
"124" 1 1 1 1 1 1 1 2 1 1 1 1
"125" 1 1 1 1 1 1 1 2 1 1 1 1
"126" 1 1 1 1 1 1 1 1 2 1 1 1
"127" 1 1 1 1 1 1 1 1 2 3 1 1
"128" 2 3 2 3 3 3 3 3 1 1 3 3
"129" 1 2 1 1 1 1 1 2 2 1 1 1
"130" 1 2 1 1 1 1 1 2 2 1 1 1
"131" 1 1 1 1 1 2 1 1 1 1 1 1
"132" 1 1 1 1 2 2 NA 1 1 1 2 2
"133" 1 1 1 1 1 1 1 1 1 1 1 1
"134" 1 1 1 1 1 1 2 1 1 1 1 1
"135" 2 1 1 1 2 2 1 1 1 1 2 2
"136" 1 1 1 1 1 1 1 1 1 1 1 1
"137" 1 1 1 1 1 1 NA 1 1 1 NA 1
"138" 1 1 1 1 1 1 1 2 1 1 1 1
"139" 1 1 1 1 1 1 1 1 1 2 1 1
"140" 1 1 1 1 1 1 1 2 1 1 1 1
"141" 1 1 1 1 1 1 1 1 1 1 1 1
"142" 2 2 1 1 2 2 1 1 1 1 1 1
"143" 1 1 1 1 1 1 1 1 1 1 1 1
"144" 1 1 1 1 1 2 2 1 1 1 1 1
"145" 1 1 1 1 1 1 1 1 1 2 1 1
"146" 1 1 1 1 1 1 1 1 1 1 1 1
"147" 1 1 1 1 1 1 1 1 1 1 1 1
"148" 1 1 1 1 1 1 1 1 1 1 1 1
"149" 1 1 1 1 2 1 2 2 2 1 1 1
"150" 1 1 1 1 1 1 1 1 1 1 1 1
"151" 1 1 1 1 1 1 1 1 1 1 1 1
"152" 3 3 2 3 3 3 3 1 1 1 2 2
"153" 2 3 2 3 3 3 3 1 1 1 3 3
"154" 2 1 1 1 NA 3 NA 1 NA 3 NA NA
"155" 1 1 1 1 2 1 1 1 1 1 1 1
"156" 1 1 1 1 1 1 1 1 1 1 1 1
"157" 1 1 1 2 1 2 1 1 1 1 1 2
"158" 1 1 1 1 1 1 1 2 2 1 1 1
"159" 1 1 1 1 2 1 1 1 1 1 1 1
"160" 1 1 1 1 1 1 1 1 1 1 1 1
"161" 1 1 1 1 1 1 1 1 1 1 1 1
"162" 1 1 1 1 1 1 1 1 1 1 1 1
"163" 1 1 1 1 1 1 1 2 1 1 1 1
"164" 1 1 1 1 1 2 1 2 3 1 1 1
"165" 1 1 1 1 1 1 1 1 1 1 1 1
"166" NA NA NA NA NA NA NA NA NA NA NA NA
"167" 1 1 1 1 2 2 2 1 2 1 1 1
"168" 3 3 3 3 3 3 3 2 2 2 3 3
"169" 2 2 1 2 2 2 2 2 1 3 1 2
"170" 1 1 1 1 1 1 1 1 1 1 1 1
"171" 1 1 1 1 1 1 1 1 1 1 1 1
"172" 1 1 1 1 2 1 2 1 1 1 2 2
"173" 1 1 1 1 1 1 1 1 1 1 1 1
"174" 1 1 1 1 NA 1 NA 1 3 3 1 1
"175" 1 1 1 1 1 1 1 2 2 2 1 1
"176" 1 1 1 1 1 1 1 1 2 1 1 1
"177" 1 1 1 1 NA 1 1 1 1 1 1 1
"178" 1 1 1 1 1 1 1 2 1 2 1 1
"179" 2 2 1 2 2 3 2 2 1 1 2 2
"180" 1 1 1 1 1 1 1 1 1 1 1 1
"181" 1 1 1 1 1 1 1 1 1 1 1 1
"182" 2 1 2 2 2 1 2 1 1 1 1 1
"183" 1 1 1 1 1 1 1 2 1 1 1 1
"184" 1 1 1 1 1 1 NA 2 1 1 1 1
"185" 1 1 1 1 2 1 1 1 2 2 1 1
"186" 1 2 1 1 2 2 1 2 1 1 NA 1
"187" 1 1 1 1 2 2 2 1 1 1 2 2
"188" 1 1 1 1 1 1 1 1 1 1 1 1
"189" 1 1 1 1 2 1 1 1 1 1 1 1
"190" 1 1 1 1 2 2 2 2 1 1 3 2
"191" 2 2 1 1 NA 2 2 1 1 2 NA 2
"192" 1 1 1 1 1 1 1 1 1 1 1 1
"193" 1 1 1 1 1 1 1 1 1 1 1 1
"194" 1 1 1 1 1 1 1 1 1 1 1 1
"195" NA NA NA NA NA NA NA NA NA NA NA NA
"196" 1 1 1 2 1 2 1 1 1 1 1 1
"197" 1 1 1 1 2 1 2 1 1 1 1 1
"198" 1 1 1 1 1 1 1 1 1 2 1 1
"199" 1 1 1 1 1 1 1 2 1 1 2 1
"200" 1 1 1 1 1 1 1 1 1 1 1 1
"201" 1 1 1 1 1 1 1 1 1 1 1 1
"202" 1 1 1 1 1 1 1 1 1 1 1 1
"203" 1 1 1 1 1 1 1 1 1 1 1 1
"204" 2 2 2 2 2 2 2 1 1 2 2 2
"205" 1 1 1 1 1 1 2 1 1 1 1 1
"206" 1 1 1 1 1 1 1 1 1 1 1 1
"207" 1 2 1 1 1 1 1 1 1 1 1 1
"208" 1 1 1 1 1 1 1 2 1 1 1 1
"209" 1 1 1 1 2 2 3 2 1 1 2 2
"210" 1 2 1 1 2 2 2 1 1 1 1 2
"211" 1 1 1 1 1 2 1 1 2 1 1 1
"212" 1 1 1 1 1 1 1 2 2 2 1 1
"213" 1 1 1 1 1 1 1 1 1 1 1 1
"214" 1 1 1 1 1 1 1 1 1 1 1 1
"215" 1 1 1 1 1 1 1 1 1 1 2 1
"216" 1 1 1 1 1 2 1 2 1 1 1 1
"217" 1 1 1 1 1 1 1 1 1 1 1 1
"218" 1 1 1 1 1 1 1 1 1 2 1 1
"219" 1 1 1 1 2 3 3 1 2 1 1 2
"220" 1 1 1 1 1 1 1 1 1 1 1 1
"221" 1 1 1 1 1 1 1 1 1 1 1 1
"222" 1 1 1 1 1 1 1 2 1 2 1 1
"223" 3 1 3 3 1 3 1 1 1 1 NA 3
"224" 1 1 1 2 2 1 NA 1 1 1 1 1
"225" 1 1 1 1 1 1 1 1 1 1 1 1
"226" 1 1 1 1 1 1 1 1 1 1 1 1
"227" 1 1 1 1 1 1 NA 2 1 1 1 1
"228" 1 1 1 1 1 1 1 1 1 2 1 1
"229" 1 1 1 1 1 1 1 1 1 2 1 1
"230" 1 NA 1 2 NA 1 2 NA 1 1 NA NA
"231" 1 1 1 1 1 1 1 2 1 1 1 1
"232" 1 1 1 1 1 1 1 1 1 1 1 1
"233" 2 1 1 2 3 2 2 1 1 3 3 2
"234" 1 2 1 1 1 1 2 1 1 1 1 1
"235" 2 1 1 2 3 1 2 1 1 1 1 1
"236" 1 1 1 1 1 1 1 1 1 1 1 1
"237" 1 1 1 1 1 1 1 1 1 1 1 1
"238" 1 1 1 1 1 1 1 1 1 1 1 1
"239" 1 2 1 2 2 1 1 1 1 1 1 1
"240" 1 1 1 1 1 1 1 1 1 1 1 1
"241" 1 1 1 1 1 1 1 1 2 1 1 1
"242" 1 1 1 1 1 1 1 3 2 1 1 1
"243" 1 1 1 1 1 1 1 1 1 2 1 1
"244" 1 1 1 1 1 1 1 1 1 1 1 1
"245" 2 2 1 2 1 1 1 1 2 3 1 1
"246" 1 1 2 1 2 1 2 1 3 2 1 1
"247" 1 1 1 1 1 1 NA 1 1 1 1 1
"248" 1 2 1 1 2 2 1 1 1 1 1 2
"249" 1 1 1 1 NA 1 1 1 1 1 1 1
"250" 2 2 2 1 2 1 2 1 2 2 1 1
"251" 1 1 1 1 1 1 1 1 1 1 1 1
"252" 2 1 1 2 2 2 3 1 1 1 2 2
"253" 1 1 1 1 2 2 2 1 2 1 NA 2
"254" 1 1 1 1 1 1 1 1 1 1 1 1
"255" 2 3 1 2 3 2 1 1 2 3 2 2
"256" 1 1 1 1 1 1 1 1 1 1 1 1
"257" 1 1 1 1 1 2 1 1 1 1 1 1
"258" 1 1 1 1 2 1 1 1 1 1 1 1
"259" 1 1 1 2 2 2 2 1 1 2 2 2
"260" 1 1 1 1 2 2 2 2 2 2 NA 1
"261" 1 1 1 1 1 1 1 1 2 1 1 1
"262" 2 2 2 2 2 2 2 3 1 1 2 2
"263" 1 1 1 1 1 1 1 1 1 1 1 1
"264" 2 2 2 2 3 2 2 1 2 2 2 2
"265" 1 2 1 1 3 3 3 1 2 2 NA 3
"266" 1 1 1 1 2 1 1 1 2 1 1 1
"267" 1 1 1 1 1 2 NA 2 1 1 1 1
"268" 1 1 1 1 2 1 2 1 1 1 2 2
"269" 1 1 1 1 1 1 1 1 1 1 1 1
"270" 1 1 1 1 1 1 1 1 1 1 1 1
"271" 1 1 1 1 NA 2 1 2 1 1 1 NA
"272" 2 1 1 2 2 1 2 3 1 1 1 2
"273" 1 1 1 1 2 2 1 1 1 1 2 2
"274" 1 1 1 1 1 2 2 1 2 1 1 1
"275" 2 2 2 1 2 3 2 1 1 2 NA 2
"276" 1 1 1 1 2 1 2 1 2 2 1 1
"277" 1 1 1 1 1 1 1 1 1 1 1 1
"278" 3 3 2 3 3 3 3 1 2 1 3 2
"279" 2 2 1 2 2 NA 2 1 1 1 2 2
"280" 2 1 2 2 3 2 3 1 1 1 1 2
"281" 1 1 1 1 1 NA NA 1 1 1 1 1
"282" 1 1 1 1 1 1 1 1 1 1 1 1
"283" 1 1 1 1 1 1 1 1 1 1 1 1
"284" 1 2 1 NA NA 3 2 2 1 1 NA 2
"285" 2 1 1 1 2 3 3 2 1 1 2 2
"286" 3 2 1 3 NA 1 2 1 1 1 2 1
"287" 1 1 1 1 1 1 1 1 1 1 1 1
"288" 1 2 1 2 2 1 1 2 1 1 1 1
"289" 1 1 1 1 1 2 1 1 1 1 1 1
"290" 1 1 1 1 2 1 1 1 3 1 1 1
"291" 1 2 2 2 3 2 2 2 1 1 2 2
"292" 1 1 1 1 2 2 1 1 2 1 1 1
"293" 1 1 1 1 2 2 1 2 1 1 1 1
"294" NA NA NA 2 1 2 2 1 1 1 1 1
"295" 1 1 1 1 2 2 2 1 1 1 2 3
"296" 3 3 3 3 3 3 3 NA 3 1 3 3
"297" 3 3 1 3 3 3 3 2 2 2 3 3
"298" 1 1 1 1 1 1 1 1 1 1 1 1
"299" 1 1 1 1 1 2 1 1 1 1 1 1
"300" 1 1 1 1 1 1 1 1 1 1 1 1
"301" 1 2 1 1 1 1 2 2 2 2 1 2
"302" 1 1 1 1 1 1 1 1 1 1 1 1
"303" 1 1 1 1 1 NA 2 2 2 2 2 2
"304" 2 2 2 3 3 2 NA 2 3 1 3 2
"305" 1 1 1 1 1 1 1 1 2 1 1 1
"306" 2 3 2 2 2 2 2 1 1 1 2 2
"307" 1 1 1 1 1 2 1 1 1 1 1 1
"308" 1 2 1 2 2 1 2 2 1 1 3 2
"309" 1 1 1 1 2 1 1 1 1 1 1 1
"310" 1 1 1 2 2 1 1 1 1 1 1 1
"311" 1 1 1 1 1 1 1 1 1 1 1 1
"312" 3 1 1 1 1 2 1 1 1 1 1 1
"313" NA NA NA NA NA NA NA NA NA NA NA NA
"314" 2 2 1 2 1 2 1 3 2 1 2 2
"315" 2 1 1 2 2 2 2 2 1 1 2 1
"316" 1 1 1 1 NA 2 2 1 1 1 2 NA
"317" 3 2 1 3 2 1 2 1 1 1 2 3
"318" 1 1 1 1 1 2 2 1 3 1 1 1
"319" 1 1 1 1 1 1 1 1 1 1 1 1
"320" 1 2 1 2 2 2 2 3 1 1 1 2
"321" 1 1 3 2 2 2 1 2 3 2 2 1
"322" 2 2 2 3 3 2 3 2 2 1 2 2
"323" 1 1 1 1 2 2 1 1 1 1 1 1
"324" 2 3 1 NA 3 3 3 3 1 1 3 3
"325" NA NA NA NA NA NA NA NA NA NA NA NA
"326" 1 1 1 1 2 2 1 3 1 1 1 2
"327" 1 1 1 1 1 1 1 1 2 1 1 1
"328" 2 2 1 2 2 3 2 2 1 1 2 2
"329" 2 2 2 2 3 3 3 1 1 1 NA NA
"330" 1 1 1 1 2 2 2 1 1 1 2 2
"331" 2 2 2 NA NA 3 NA 3 2 3 NA NA
"332" 1 1 1 1 1 1 NA 2 2 1 1 1
"333" 1 1 1 1 1 1 1 1 1 1 1 1
"334" 1 1 1 1 NA 1 1 1 1 3 NA 1
"335" 1 1 1 1 NA 1 1 1 1 1 1 1
"336" 2 1 1 1 2 1 2 1 1 1 1 2
"337" 1 1 1 1 1 2 NA 2 2 1 1 1
"338" 1 1 2 2 2 1 3 2 1 2 2 2
"339" 3 2 2 3 3 3 NA 2 3 1 3 3
"340" NA NA NA NA NA NA NA NA NA NA NA NA
"341" NA NA NA NA NA NA NA NA NA NA NA NA
"342" 2 2 2 1 2 2 2 2 2 2 2 2
"343" NA NA NA NA NA NA NA NA NA NA NA NA
"344" 1 1 1 1 1 1 1 1 1 1 1 1
"345" 1 1 1 1 1 1 1 1 1 1 1 1
"346" 3 3 3 1 3 2 2 2 2 2 1 1
"347" NA NA NA NA NA NA NA NA NA NA NA NA
"348" NA NA NA NA NA NA NA NA NA NA NA NA
"349" 1 1 1 1 1 1 1 1 1 1 1 1
"350" 1 1 1 1 1 2 1 1 1 1 1 1
"351" 1 1 1 1 1 2 1 2 2 3 1 1
"352" NA NA NA NA NA NA NA NA NA NA NA NA
"353" NA NA NA NA NA NA NA NA NA NA NA NA
"354" 1 1 1 1 1 1 1 2 2 1 1 1
"355" 1 1 1 1 1 2 1 1 1 1 1 1
"356" NA NA NA NA NA NA NA NA NA NA NA NA
"357" NA NA NA NA NA NA NA NA NA NA NA NA
"358" 1 2 1 1 1 1 2 3 2 1 1 2
"359" 1 2 2 2 2 2 1 2 2 2 2 1
"360" 1 2 1 1 2 1 1 1 1 1 2 1
"361" 1 1 1 NA NA 2 2 1 1 1 1 NA
"362" NA NA NA NA NA NA NA NA NA NA NA NA
"363" 1 1 1 1 1 1 1 1 2 1 1 1
"364" NA NA NA NA NA NA NA NA NA NA NA NA
"365" 1 1 1 1 1 1 1 1 1 1 1 1
"366" NA NA NA NA NA NA NA NA NA NA NA NA
"367" NA NA NA NA NA NA NA NA NA NA NA NA
"368" 1 1 1 1 1 1 1 2 2 1 1 1
"369" NA NA NA NA NA NA NA NA NA NA NA NA
"370" NA NA NA NA NA NA NA NA NA NA NA NA
"371" NA NA NA NA NA NA NA NA NA NA NA NA
"372" 1 1 1 1 1 1 1 1 1 2 1 1
"373" 1 1 1 1 1 1 1 1 1 1 1 1
"374" 1 1 1 2 1 1 1 1 2 1 1 1
"375" 1 1 1 1 1 1 1 1 1 1 1 1
"376" NA NA NA NA NA NA NA NA NA NA NA NA
"377" 1 1 1 1 2 1 1 2 1 1 1 1
"378" NA NA NA NA NA NA NA NA NA NA NA NA
"379" 1 1 1 1 1 1 1 1 1 1 1 1
"380" 1 2 1 2 2 2 2 1 1 1 1 2
"381" NA NA NA NA NA NA NA NA NA NA NA NA
"382" 1 1 1 1 1 1 1 1 1 1 1 1
"383" 1 1 2 1 2 1 1 1 1 1 1 1
"384" 1 1 1 1 1 2 1 1 1 1 1 1
"385" 1 1 1 1 1 2 1 1 1 1 1 1
"386" 1 2 1 1 2 1 2 1 1 1 1 1
"387" NA NA NA NA NA NA NA NA NA NA NA NA
"388" 1 1 1 1 1 1 1 1 1 1 1 1
"389" 2 1 1 1 2 2 2 2 NA 2 1 1
"390" NA NA NA NA NA NA NA NA NA NA NA NA
"391" 2 2 1 1 2 1 2 1 2 1 1 1
"392" NA NA NA NA NA NA NA NA NA NA NA NA
"393" 2 2 1 2 3 2 2 1 2 2 2 2
"394" 2 2 1 1 2 2 2 2 2 1 1 1
"395" 1 1 1 1 1 1 1 1 1 1 1 1
"396" 1 1 1 1 1 1 1 1 1 2 1 1
"397" NA NA NA NA NA NA NA NA NA NA NA NA
"398" 1 1 1 1 2 2 3 1 1 1 1 1
"399" NA NA NA NA NA NA NA NA NA NA NA NA
"400" NA NA NA NA NA NA NA NA NA NA NA NA
"401" 1 1 1 1 1 1 1 1 1 1 1 1
"402" 1 1 1 1 1 1 1 1 1 1 1 1
"403" 1 1 1 1 1 1 1 1 2 1 1 1
"404" 1 1 1 1 1 1 1 1 1 1 1 1
"405" 1 1 1 1 1 2 1 1 1 2 1 1
"406" 1 1 1 1 2 1 1 NA 1 1 1 1
"407" 1 1 1 1 1 1 1 1 1 1 1 1
"408" NA NA NA NA NA NA NA NA NA NA NA NA
"409" NA NA NA NA NA NA NA NA NA NA NA NA
"410" NA NA NA NA NA NA NA NA NA NA NA NA
"411" 1 1 1 1 2 1 1 1 1 1 1 1
"412" NA NA NA NA NA NA NA NA NA NA NA NA
"413" 3 3 3 3 NA 2 2 1 2 1 2 2
"414" 1 1 1 1 1 1 1 1 1 1 1 1
"415" NA NA NA NA NA NA NA NA NA NA NA NA
"416" NA NA NA NA NA NA NA NA NA NA NA NA
"417" 2 2 1 2 3 2 3 2 2 1 2 2
"418" 1 1 1 1 1 2 1 NA 1 2 2 1
"419" 1 1 1 1 1 2 1 1 1 1 1 1
"420" NA NA NA NA NA NA NA NA NA NA NA NA
"421" 1 1 1 1 2 2 1 1 1 1 1 1
"422" 3 2 1 NA NA NA 1 3 2 1 2 NA
"423" 1 2 1 1 1 2 1 2 2 1 1 1
"424" 1 1 1 1 1 1 1 1 1 1 1 1
"425" NA NA NA NA NA NA NA NA NA NA NA NA
"426" 1 1 1 1 1 2 1 1 1 1 1 1
"427" 2 2 2 NA NA NA NA 1 2 1 1 NA
"428" 1 1 1 1 1 1 1 1 2 2 1 1
"429" 2 1 1 1 1 1 2 1 2 1 1 1
"430" 1 1 1 1 1 1 1 1 1 1 1 1
"431" NA NA NA NA NA NA NA NA NA NA NA NA
"432" NA NA NA NA NA NA NA NA NA NA NA NA
"433" 1 1 1 1 1 1 1 1 1 1 1 1
"434" NA NA NA NA NA NA NA NA NA NA NA NA
"435" NA NA NA NA NA NA NA NA NA NA NA NA
"436" 1 1 1 1 1 1 1 2 1 1 1 1
"437" NA NA NA NA NA NA NA NA NA NA NA NA
"438" 2 1 1 1 1 1 2 2 2 2 1 1
"439" 1 1 1 1 NA 1 1 2 1 1 1 1
"440" NA NA NA NA NA NA NA NA NA NA NA NA
"441" 2 1 2 2 2 2 2 1 1 1 2 2
"442" NA NA NA NA NA NA NA NA NA NA NA NA
"443" 1 1 2 2 2 2 2 3 2 2 2 2
"444" 1 1 1 1 1 1 2 2 1 2 1 1
"445" 1 1 1 1 1 1 1 1 1 1 1 1
"446" 2 2 1 2 2 1 1 1 1 1 2 2
"447" 1 1 1 1 2 1 NA 1 1 2 1 1
"448" 2 1 2 1 2 2 1 3 1 2 NA NA
"449" 2 2 1 1 2 2 1 2 2 1 NA 2
"450" 1 1 1 1 1 1 1 2 1 1 1 1
"451" 1 1 1 1 1 2 1 2 1 1 1 1
"452" NA NA NA NA NA NA NA NA NA NA NA NA
"453" NA NA NA NA NA NA NA NA NA NA NA NA
"454" NA NA NA NA NA NA NA NA NA NA NA NA
"455" 1 1 1 1 1 1 1 1 1 1 1 1
"456" NA NA NA NA NA NA NA NA NA NA NA NA
"457" 1 1 1 1 1 1 2 2 1 1 1 1
"458" NA NA NA NA NA NA NA NA NA NA NA NA
"459" NA NA NA NA NA NA NA NA NA NA NA NA
"460" NA NA NA NA NA NA NA NA NA NA NA NA
